30 58 59 3.2292
30 58 58 1.6146
30 59 59 1.6146
30 59 58 3.2292
131 30 16 12.2958
131 30 25 9.22392
131 30 18 6.15204
131 30 32 5.382
131 30 24 6.15204
131 30 17 7.30296
131 30 33 8.45388
131 30 31 10.764
131 30 34 12.2958
131 30 15 13.83588
131 32 30 5.382
131 32 15 13.83588
131 32 34 12.2958
131 32 31 9.99396
131 32 33 8.45388
131 32 17 6.53292
131 32 24 4.99284
131 32 18 6.53292
131 32 25 9.22392
131 32 16 12.2958
131 31 16 19.21788
131 31 25 14.60592
131 31 18 11.53404
131 31 32 9.99396
131 31 24 9.22392
131 31 17 8.45388
131 31 30 10.764
131 31 33 7.30296
131 31 15 8.45388
131 31 34 7.30296
131 34 15 6.15204
131 34 31 7.30296
131 34 33 9.22392
131 34 30 12.2958
131 34 17 10.764
131 34 24 11.53404
131 34 32 12.2958
131 34 18 13.83588
131 34 25 16.90776
131 34 16 20.75796
131 33 16 16.90776
131 33 25 12.2958
131 33 18 9.22392
131 33 32 8.45388
131 33 24 7.30296
131 33 17 6.15204
131 33 30 8.45388
131 33 31 7.30296
131 33 34 9.22392
131 33 15 10.764
131 25 18 8.45388
131 25 30 9.22392
131 25 16 8.45388
131 25 32 9.22392
131 25 24 9.99396
131 25 17 11.53404
131 25 33 12.2958
131 25 31 14.60592
131 25 34 16.90776
131 25 15 19.21788
131 24 16 13.83588
131 24 25 9.99396
131 24 18 7.30296
131 24 32 4.99284
131 24 17 5.382
131 24 33 7.30296
131 24 31 9.22392
131 24 34 11.53404
131 24 15 12.2958
131 24 30 6.15204
131 17 30 7.30296
131 17 15 11.53404
131 17 34 10.764
131 17 31 8.45388
131 17 33 6.15204
131 17 32 6.53292
131 17 24 5.382
131 17 18 8.45388
131 17 25 11.53404
131 17 16 13.83588
131 18 16 11.53404
131 18 15 14.60592
131 18 34 13.83588
131 18 31 11.53404
131 18 33 9.22392
131 18 17 8.45388
131 18 24 7.30296
131 18 32 6.53292
131 18 30 6.15204
131 18 25 8.45388
131 15 18 14.60592
131 15 32 13.83588
131 15 24 12.2958
131 15 31 8.45388
131 15 17 11.53404
131 15 30 13.83588
131 15 33 10.764
131 15 34 6.15204
131 15 16 22.28976
131 15 25 19.21788
131 16 25 8.45388
131 16 32 12.2958
131 16 24 13.83588
131 16 17 13.83588
131 16 33 16.90776
131 16 31 19.21788
131 16 34 20.75796
131 16 15 22.28976
131 16 18 11.53404
131 16 30 12.2958
120 80 37 1.42416
120 80 95 1.42416
120 80 38 2.41776
120 80 56 3.07188
120 80 13 4.57056
120 80 36 1.45728
120 80 86 3.95784
120 80 55 2.88144
120 80 35 3.11328
120 80 57 3.726
120 80 81 1.42416
120 80 83 1.42416
120 80 85 1.42416
120 80 39 2.53368
120 80 27 2.53368
120 80 28 2.88144
120 80 7 2.691
120 80 90 3.1878
120 80 40 4.45464
120 80 49 4.42152
120 80 12 3.46104
120 80 69 3.30372
120 80 51 4.8438
120 80 48 4.347
120 80 9 2.92284
120 80 54 4.57056
120 80 87 3.726
120 80 14 2.53368
120 80 29 3.91644
120 80 41 3.65148
120 80 88 3.1878
120 80 44 2.99736
120 80 60 3.46104
120 80 91 2.691
120 80 42 3.37824
120 80 82 2.38464
120 80 80 4.2642
120 80 84 1.42416
120 80 43 3.34512
120 80 26 3.53556
120 80 11 4.03236
120 80 53 2.88144
120 80 52 6.64884
120 80 89 4.3056
120 81 89 4.3056
120 81 52 6.64884
120 81 53 2.88144
120 81 26 3.53556
120 81 43 3.34512
120 81 84 1.42416
120 81 83 1.42416
120 81 80 1.42416
120 81 82 2.38464
120 81 42 3.37824
120 81 60 3.46104
120 81 44 2.99736
120 81 13 4.57056
120 81 88 3.1878
120 81 41 3.65148
120 81 29 3.91644
120 81 91 2.691
120 81 11 4.03236
120 81 14 2.53368
120 81 87 3.726
120 81 54 4.57056
120 81 9 2.92284
120 81 48 4.347
120 81 51 4.8438
120 81 69 3.30372
120 81 12 3.46104
120 81 49 4.42152
120 81 40 4.45464
120 81 90 3.1878
120 81 7 2.691
120 81 28 2.88144
120 81 27 2.53368
120 81 39 2.53368
120 81 85 1.42416
120 81 57 3.726
120 81 81 4.2642
120 81 35 3.11328
120 81 55 2.88144
120 81 86 3.95784
120 81 56 3.07188
120 81 38 2.41776
120 81 95 1.42416
120 81 37 1.42416
120 81 36 1.45728
120 82 37 2.80692
120 82 95 2.61648
120 82 38 3.07188
120 82 36 2.92284
120 82 56 1.5732
120 82 13 3.34512
120 82 55 1.42416
120 82 86 2.76552
120 82 35 1.6146
120 82 57 2.53368
120 82 81 2.38464
120 82 83 2.38464
120 82 85 2.57508
120 82 39 1.42416
120 82 27 1.42416
120 82 28 1.42416
120 82 7 1.42416
120 82 90 3.37824
120 82 40 3.2706
120 82 49 3.2292
120 82 12 2.26872
120 82 69 1.99548
120 82 51 3.65148
120 82 48 3.11328
120 82 9 3.1878
120 82 54 3.37824
120 82 87 2.53368
120 82 14 1.42416
120 82 91 3.03876
120 82 29 2.691
120 82 41 2.41776
120 82 88 1.80504
120 82 44 1.49868
120 82 60 3.61008
120 82 42 1.96236
120 82 82 4.2642
120 82 80 2.38464
120 82 84 2.38464
120 82 43 1.96236
120 82 26 2.26872
120 82 53 1.42416
120 82 11 2.80692
120 82 52 6.80616
120 82 89 3.11328
120 83 89 4.3056
120 83 52 6.64884
120 83 53 2.88144
120 83 26 3.53556
120 83 43 3.34512
120 83 84 1.42416
120 83 83 4.2642
120 83 80 1.42416
120 83 82 2.38464
120 83 42 3.37824
120 83 60 3.46104
120 83 91 2.691
120 83 44 2.99736
120 83 13 4.57056
120 83 57 3.726
120 83 88 3.1878
120 83 41 3.65148
120 83 29 3.91644
120 83 11 4.03236
120 83 14 2.53368
120 83 87 3.726
120 83 54 4.57056
120 83 9 2.92284
120 83 48 4.347
120 83 51 4.8438
120 83 69 3.30372
120 83 12 3.46104
120 83 49 4.42152
120 83 40 4.45464
120 83 90 3.1878
120 83 7 2.691
120 83 28 2.88144
120 83 27 2.53368
120 83 39 2.53368
120 83 85 1.42416
120 83 81 1.42416
120 83 35 3.11328
120 83 55 2.88144
120 83 86 3.95784
120 83 56 3.07188
120 83 38 2.41776
120 83 95 1.42416
120 83 37 1.42416
120 83 36 1.45728
120 84 37 1.42416
120 84 95 1.42416
120 84 38 2.41776
120 84 36 1.45728
120 84 56 3.07188
120 84 86 3.95784
120 84 55 2.88144
120 84 35 3.11328
120 84 57 3.726
120 84 81 1.42416
120 84 85 1.42416
120 84 39 2.53368
120 84 27 2.53368
120 84 28 2.88144
120 84 90 3.1878
120 84 7 2.691
120 84 40 4.45464
120 84 49 4.42152
120 84 12 3.46104
120 84 69 3.30372
120 84 51 4.8438
120 84 48 4.347
120 84 9 2.92284
120 84 54 4.57056
120 84 87 3.726
120 84 14 2.53368
120 84 91 2.691
120 84 29 3.91644
120 84 41 3.65148
120 84 88 3.1878
120 84 13 4.57056
120 84 44 2.99736
120 84 60 3.46104
120 84 42 3.37824
120 84 82 2.38464
120 84 80 1.42416
120 84 84 4.2642
120 84 43 3.34512
120 84 26 3.53556
120 84 53 2.88144
120 84 83 1.42416
120 84 11 4.03236
120 84 52 6.64884
120 84 89 4.3056
120 85 89 4.38012
120 85 53 2.99736
120 85 83 1.42416
120 85 38 2.26872
120 85 52 6.60744
120 85 26 3.57696
120 85 43 3.41964
120 85 84 1.42416
120 85 80 1.42416
120 85 82 2.57508
120 85 42 3.41964
120 85 60 3.41964
120 85 91 2.57508
120 85 44 3.07188
120 85 57 3.8088
120 85 13 4.61196
120 85 88 3.2706
120 85 41 3.69288
120 85 29 3.95784
120 85 48 4.38012
120 85 11 4.07376
120 85 14 2.691
120 85 55 2.99736
120 85 87 3.8088
120 85 54 4.61196
120 85 9 2.76552
120 85 51 4.91832
120 85 69 3.37824
120 85 12 3.53556
120 85 49 4.49604
120 85 40 4.53744
120 85 90 3.07188
120 85 7 2.84004
120 85 28 2.99736
120 85 27 2.691
120 85 39 2.691
120 85 85 4.2642
120 85 81 1.42416
120 85 35 3.1878
120 85 86 3.99924
120 85 56 3.11328
120 85 95 1.42416
120 85 37 1.42416
120 85 36 1.42416
120 60 37 3.1878
120 60 95 3.37824
120 60 13 5.45652
120 60 38 2.92284
120 60 86 4.8438
120 60 88 4.11516
120 60 89 5.22468
120 60 83 3.46104
120 60 44 3.91644
120 60 27 3.69288
120 60 28 3.84192
120 60 7 3.7674
120 60 52 3.2706
120 60 91 2.76552
120 60 12 4.38012
120 60 69 4.23108
120 60 55 3.88332
120 60 9 2.38464
120 60 40 5.382
120 60 90 2.38464
120 60 48 5.22468
120 60 87 4.65336
120 60 14 3.69288
120 60 35 4.03236
120 60 36 3.11328
120 60 39 3.69288
120 60 29 4.8024
120 60 11 4.91832
120 60 43 4.2642
120 60 41 4.53744
120 60 56 3.95784
120 60 42 4.2642
120 60 51 5.76288
120 60 60 4.2642
120 60 49 5.3406
120 60 53 3.84192
120 60 82 3.61008
120 60 80 3.46104
120 60 84 3.46104
120 60 81 3.46104
120 60 85 3.41964
120 60 26 4.42152
120 60 57 4.65336
120 60 54 5.45652
120 57 35 1.87956
120 57 49 2.6496
120 57 89 1.42416
120 57 26 1.42416
120 57 57 4.2642
120 57 53 2.53368
120 57 81 3.726
120 57 84 3.726
120 57 80 3.726
120 57 82 2.53368
120 57 42 2.88144
120 57 43 1.42416
120 57 91 4.07376
120 57 60 4.65336
120 57 44 2.691
120 57 39 2.45916
120 57 29 3.46104
120 57 41 3.1878
120 57 11 3.57696
120 57 14 2.45916
120 57 40 3.99924
120 57 36 3.99924
120 57 87 1.42416
120 57 54 1.42416
120 57 90 4.38012
120 57 48 3.88332
120 57 9 4.18968
120 57 69 2.99736
120 57 12 3.15468
120 57 52 7.84116
120 57 51 4.38012
120 57 7 2.53368
120 57 28 2.61648
120 57 27 2.45916
120 57 95 3.84192
120 57 83 3.726
120 57 55 2.1114
120 57 88 2.88144
120 57 86 1.42416
120 57 38 4.07376
120 57 13 2.76552
120 57 56 2.7324
120 57 85 3.8088
120 57 37 3.91644
120 69 37 3.53556
120 69 95 3.41964
120 69 38 3.65148
120 69 86 3.2292
120 69 88 1.42416
120 69 35 2.38464
120 69 89 3.57696
120 69 51 3.84192
120 69 83 3.30372
120 69 27 1.87956
120 69 44 1.42416
120 69 28 1.42416
120 69 7 1.73052
120 69 52 7.41888
120 69 12 1.42416
120 69 91 3.65148
120 69 9 3.7674
120 69 69 4.2642
120 69 40 3.46104
120 69 48 3.30372
120 69 90 3.95784
120 69 14 1.87956
120 69 87 2.99736
120 69 36 3.57696
120 69 29 2.92284
120 69 43 2.61648
120 69 11 2.99736
120 69 41 2.6496
120 69 39 1.87956
120 69 42 2.38464
120 69 56 1.42416
120 69 13 3.8088
120 69 60 4.23108
120 69 49 3.69288
120 69 53 1.77192
120 69 82 1.99548
120 69 80 3.30372
120 69 84 3.30372
120 69 85 3.37824
120 69 81 3.30372
120 69 26 2.76552
120 69 57 2.99736
120 69 55 2.22732
120 69 54 3.84192
120 95 89 4.42152
120 95 52 6.53292
120 95 26 3.61008
120 95 43 3.46104
120 95 53 3.07188
120 95 84 1.42416
120 95 83 1.42416
120 95 80 1.42416
120 95 82 2.61648
120 95 42 3.46104
120 95 60 3.37824
120 95 91 2.50056
120 95 57 3.84192
120 95 44 3.11328
120 95 88 3.30372
120 95 41 3.726
120 95 29 3.99924
120 95 48 4.42152
120 95 11 4.11516
120 95 14 2.76552
120 95 54 4.65336
120 95 87 3.84192
120 95 38 2.26872
120 95 9 2.691
120 95 51 4.95972
120 95 12 3.57696
120 95 40 4.57056
120 95 49 4.53744
120 95 90 2.99736
120 95 7 2.92284
120 95 27 2.76552
120 95 28 3.03876
120 95 39 2.76552
120 95 85 1.42416
120 95 35 3.2292
120 95 81 1.42416
120 95 13 4.65336
120 95 86 4.03236
120 95 55 3.07188
120 95 69 3.41964
120 95 56 3.15468
120 95 95 4.2642
120 95 37 1.42416
120 95 36 1.42416
120 36 37 1.42416
120 36 95 1.42416
120 36 85 1.42416
120 36 56 3.30372
120 36 87 3.99924
120 36 69 3.57696
120 36 36 4.2642
120 36 55 3.2706
120 36 86 4.23108
120 36 35 3.37824
120 36 81 1.45728
120 36 39 3.03876
120 36 28 3.2292
120 36 27 3.03876
120 36 90 2.7324
120 36 7 3.11328
120 36 49 4.68648
120 36 40 4.72788
120 36 12 3.726
120 36 51 5.10876
120 36 9 2.38464
120 36 38 2.26872
120 36 54 4.8438
120 36 14 3.03876
120 36 11 4.2642
120 36 48 4.57056
120 36 29 4.18968
120 36 88 3.46104
120 36 41 3.91644
120 36 44 3.2706
120 36 57 3.99924
120 36 13 4.8024
120 36 60 3.11328
120 36 82 2.92284
120 36 80 1.45728
120 36 91 2.38464
120 36 83 1.45728
120 36 84 1.45728
120 36 53 3.2292
120 36 42 3.61008
120 36 43 3.61008
120 36 26 3.7674
120 36 52 6.22656
120 36 89 4.57056
120 35 49 2.80692
120 35 28 1.80504
120 35 52 7.22844
120 35 89 2.691
120 35 26 1.42416
120 35 53 1.68912
120 35 57 1.87956
120 35 84 3.11328
120 35 81 3.11328
120 35 80 3.11328
120 35 60 4.03236
120 35 91 3.46104
120 35 43 1.42416
120 35 82 1.6146
120 35 13 2.92284
120 35 44 1.92096
120 35 42 2.31012
120 35 39 1.42416
120 35 56 2.03688
120 35 29 2.84004
120 35 41 2.57508
120 35 11 2.95596
120 35 14 1.42416
120 35 36 3.37824
120 35 40 3.41964
120 35 86 2.22732
120 35 87 1.87956
120 35 54 2.95596
120 35 90 3.8088
120 35 9 3.61008
120 35 48 3.2706
120 35 69 2.38464
120 35 12 2.53368
120 35 7 1.656
120 35 27 1.42416
120 35 95 3.2292
120 35 83 3.11328
120 35 51 3.8088
120 35 35 4.2642
120 35 55 1.42416
120 35 38 3.49416
120 35 88 2.26872
120 35 85 3.1878
120 35 37 3.34512
120 38 37 2.26872
120 38 85 2.26872
120 38 95 2.26872
120 38 87 4.07376
120 38 56 3.41964
120 38 36 2.26872
120 38 69 3.65148
120 38 86 4.3056
120 38 81 2.41776
120 38 35 3.49416
120 38 39 3.15468
120 38 7 3.2292
120 38 90 2.38464
120 38 27 3.15468
120 38 44 3.37824
120 38 28 3.30372
120 38 12 3.84192
120 38 40 4.8438
120 38 49 4.76928
120 38 51 5.22468
120 38 9 2.38464
120 38 54 4.91832
120 38 38 4.2642
120 38 55 3.34512
120 38 14 3.15468
120 38 11 4.38012
120 38 48 4.68648
120 38 29 4.2642
120 38 88 3.53556
120 38 41 3.99924
120 38 13 4.91832
120 38 57 4.07376
120 38 42 3.726
120 38 60 2.92284
120 38 82 3.07188
120 38 80 2.41776
120 38 83 2.41776
120 38 84 2.41776
120 38 53 3.30372
120 38 26 3.88332
120 38 43 3.69288
120 38 52 6.06924
120 38 91 2.38464
120 38 89 4.65336
120 37 89 4.53744
120 37 52 6.34248
120 37 43 3.57696
120 37 26 3.726
120 37 53 3.15468
120 37 84 1.42416
120 37 83 1.42416
120 37 80 1.42416
120 37 82 2.80692
120 37 60 3.1878
120 37 42 3.57696
120 37 57 3.91644
120 37 44 3.2292
120 37 88 3.41964
120 37 29 4.11516
120 37 41 3.84192
120 37 48 4.53744
120 37 91 2.38464
120 37 11 4.23108
120 37 14 2.95596
120 37 38 2.26872
120 37 54 4.76928
120 37 9 2.53368
120 37 51 5.07564
120 37 49 4.65336
120 37 40 4.68648
120 37 12 3.69288
120 37 28 3.15468
120 37 27 2.95596
120 37 90 2.80692
120 37 7 3.07188
120 37 39 2.95596
120 37 85 1.42416
120 37 81 1.42416
120 37 35 3.34512
120 37 86 4.14828
120 37 13 4.76928
120 37 55 3.1878
120 37 69 3.53556
120 37 87 3.95784
120 37 56 3.2706
120 37 95 1.42416
120 37 37 4.2642
120 37 36 1.42416
120 49 37 4.65336
120 49 95 4.53744
120 49 13 1.42416
120 49 88 3.57696
120 49 86 2.84004
120 49 38 4.76928
120 49 35 2.80692
120 49 89 3.2292
120 49 83 4.42152
120 49 44 3.37824
120 49 27 3.15468
120 49 52 8.5284
120 49 28 3.30372
120 49 7 3.2292
120 49 69 3.69288
120 49 9 4.8852
120 49 91 4.76928
120 49 12 3.84192
120 49 40 4.72788
120 49 90 5.07564
120 49 48 4.57056
120 49 87 1.42416
120 49 14 3.15468
120 49 39 3.15468
120 49 36 4.68648
120 49 29 4.14828
120 49 11 4.2642
120 49 43 2.61648
120 49 41 3.88332
120 49 56 3.41964
120 49 42 3.61008
120 49 51 5.10876
120 49 60 5.3406
120 49 53 3.2292
120 49 82 3.2292
120 49 49 4.2642
120 49 80 4.42152
120 49 84 4.42152
120 49 85 4.49604
120 49 81 4.42152
120 49 57 2.6496
120 49 26 1.42416
120 49 54 3.46104
120 49 55 2.95596
120 86 35 2.22732
120 86 49 2.84004
120 86 89 1.42416
120 86 26 1.42416
120 86 9 4.42152
120 86 53 2.7324
120 86 57 1.42416
120 86 81 3.95784
120 86 84 3.95784
120 86 80 3.95784
120 86 91 4.2642
120 86 43 1.87956
120 86 82 2.76552
120 86 42 3.11328
120 86 60 4.8438
120 86 44 2.92284
120 86 39 2.691
120 86 29 3.69288
120 86 41 3.41964
120 86 11 3.7674
120 86 40 4.23108
120 86 14 2.691
120 86 87 1.96236
120 86 54 1.42416
120 86 90 4.61196
120 86 48 4.07376
120 86 12 3.34512
120 86 69 3.2292
120 86 28 2.84004
120 86 52 8.0316
120 86 7 2.7324
120 86 27 2.691
120 86 51 4.61196
120 86 88 3.07188
120 86 83 3.95784
120 86 55 2.45916
120 86 38 4.3056
120 86 86 4.2642
120 86 13 2.95596
120 86 56 2.95596
120 86 95 4.03236
120 86 85 3.99924
120 86 37 4.14828
120 86 36 4.23108
120 89 36 4.57056
120 89 37 4.53744
120 89 85 4.38012
120 89 95 4.42152
120 89 56 3.30372
120 89 13 3.34512
120 89 86 1.42416
120 89 38 4.65336
120 89 55 2.84004
120 89 88 3.46104
120 89 83 4.3056
120 89 35 2.691
120 89 51 4.99284
120 89 27 3.03876
120 89 7 3.11328
120 89 52 8.42076
120 89 28 3.1878
120 89 69 3.57696
120 89 12 3.726
120 89 48 4.45464
120 89 90 4.95972
120 89 54 1.42416
120 89 9 4.76928
120 89 87 2.45916
120 89 14 3.03876
120 89 40 4.61196
120 89 11 4.14828
120 89 41 3.7674
120 89 29 4.03236
120 89 39 3.03876
120 89 44 3.2706
120 89 60 5.22468
120 89 42 3.49416
120 89 82 3.11328
120 89 43 2.41776
120 89 91 4.65336
120 89 80 4.3056
120 89 84 4.3056
120 89 81 4.3056
120 89 57 1.42416
120 89 53 3.11328
120 89 26 1.42416
120 89 89 4.2642
120 89 49 3.2292
120 90 48 4.99284
120 90 54 5.22468
120 90 26 4.18968
120 90 57 4.38012
120 90 82 3.37824
120 90 85 3.07188
120 90 81 3.1878
120 90 84 3.1878
120 90 80 3.1878
120 90 49 5.07564
120 90 51 5.53104
120 90 60 2.38464
120 90 42 4.03236
120 90 56 3.726
120 90 41 4.3056
120 90 29 4.57056
120 90 11 4.68648
120 90 36 2.7324
120 90 35 3.8088
120 90 43 3.99924
120 90 39 3.46104
120 90 87 4.38012
120 90 90 4.2642
120 90 40 5.15016
120 90 12 4.14828
120 90 91 2.38464
120 90 9 2.38464
120 90 69 3.95784
120 90 7 3.53556
120 90 28 3.61008
120 90 55 3.65148
120 90 52 5.68836
120 90 14 3.46104
120 90 27 3.46104
120 90 53 3.61008
120 90 83 3.1878
120 90 44 3.65148
120 90 89 4.95972
120 90 38 2.38464
120 90 88 3.84192
120 90 86 4.61196
120 90 13 5.22468
120 90 95 2.99736
120 90 37 2.80692
120 87 37 3.95784
120 87 36 3.99924
120 87 44 2.691
120 87 13 1.42416
120 87 56 2.7324
120 87 86 1.96236
120 87 38 4.07376
120 87 88 2.84004
120 87 55 2.1114
120 87 83 3.726
120 87 95 3.84192
120 87 85 3.8088
120 87 7 2.53368
120 87 27 2.45916
120 87 28 2.61648
120 87 69 2.99736
120 87 40 4.03236
120 87 12 3.15468
120 87 51 4.42152
120 87 48 3.88332
120 87 9 4.18968
120 87 54 2.76552
120 87 90 4.38012
120 87 87 4.2642
120 87 14 2.45916
120 87 11 3.57696
120 87 29 3.46104
120 87 41 3.1878
120 87 39 2.45916
120 87 60 4.65336
120 87 91 4.07376
120 87 82 2.53368
120 87 42 2.92284
120 87 80 3.726
120 87 84 3.726
120 87 43 1.42416
120 87 81 3.726
120 87 53 2.53368
120 87 57 1.42416
120 87 26 1.42416
120 87 35 1.87956
120 87 49 1.42416
120 87 89 2.45916
120 87 52 7.79976
120 88 54 3.69288
120 88 57 2.88144
120 88 26 2.6496
120 88 81 3.1878
120 88 80 3.1878
120 88 84 3.1878
120 88 53 1.5732
120 88 82 1.80504
120 88 49 3.57696
120 88 39 1.68912
120 88 42 2.1942
120 88 56 1.42416
120 88 60 4.11516
120 88 13 3.69288
120 88 41 2.53368
120 88 29 2.76552
120 88 11 2.88144
120 88 43 2.45916
120 88 91 3.53556
120 88 14 1.68912
120 88 87 2.84004
120 88 90 3.84192
120 88 48 3.1878
120 88 40 3.34512
120 88 12 1.42416
120 88 9 3.65148
120 88 69 1.42416
120 88 28 1.42416
120 88 7 1.54008
120 88 52 7.26156
120 88 44 1.42416
120 88 27 1.68912
120 88 83 3.1878
120 88 35 2.26872
120 88 89 3.46104
120 88 55 2.03688
120 88 51 3.726
120 88 38 3.53556
120 88 86 3.07188
120 88 88 4.2642
120 88 36 3.46104
120 88 37 3.41964
120 88 95 3.30372
120 88 85 3.2706
120 91 36 2.38464
120 91 37 2.38464
120 91 38 2.38464
120 91 56 3.37824
120 91 44 3.34512
120 91 86 4.2642
120 91 88 3.53556
120 91 55 3.30372
120 91 83 2.691
120 91 35 3.46104
120 91 95 2.50056
120 91 85 2.57508
120 91 7 3.1878
120 91 27 3.11328
120 91 28 3.2706
120 91 12 3.8088
120 91 69 3.65148
120 91 40 4.8024
120 91 49 4.76928
120 91 51 5.19156
120 91 48 4.65336
120 91 9 2.38464
120 91 90 2.38464
120 91 54 4.8852
120 91 87 4.07376
120 91 14 3.11328
120 91 11 4.347
120 91 41 3.95784
120 91 29 4.23108
120 91 13 4.8852
120 91 39 3.11328
120 91 60 2.76552
120 91 91 4.2642
120 91 82 3.03876
120 91 42 3.69288
120 91 80 2.691
120 91 84 2.691
120 91 81 2.691
120 91 43 3.69288
120 91 26 3.84192
120 91 57 4.07376
120 91 53 3.30372
120 91 52 5.9202
120 91 89 4.65336
120 12 54 3.95784
120 12 55 2.38464
120 12 57 3.15468
120 12 26 2.92284
120 12 85 3.53556
120 12 81 3.46104
120 12 84 3.46104
120 12 80 3.46104
120 12 82 2.26872
120 12 53 2.03688
120 12 49 3.84192
120 12 56 1.42416
120 12 42 2.50056
120 12 39 2.1528
120 12 60 4.38012
120 12 41 2.80692
120 12 29 3.03876
120 12 43 2.76552
120 12 11 3.1878
120 12 14 2.1528
120 12 87 3.15468
120 12 90 4.14828
120 12 40 3.61008
120 12 48 3.46104
120 12 91 3.8088
120 12 12 4.2642
120 12 9 3.95784
120 12 69 1.42416
120 12 7 1.99548
120 12 28 1.42416
120 12 52 7.56792
120 12 44 1.42416
120 12 27 2.1528
120 12 83 3.46104
120 12 35 2.53368
120 12 89 3.726
120 12 51 3.99924
120 12 13 3.95784
120 12 38 3.84192
120 12 88 1.42416
120 12 86 3.34512
120 12 36 3.726
120 12 95 3.57696
120 12 37 3.69288
120 11 95 4.11516
120 11 36 4.2642
120 11 37 4.23108
120 11 39 2.7324
120 11 38 4.38012
120 11 44 2.7324
120 11 56 2.76552
120 11 86 3.7674
120 11 88 2.88144
120 11 55 2.80692
120 11 83 4.03236
120 11 35 2.95596
120 11 85 4.07376
120 11 7 2.691
120 11 27 2.7324
120 11 28 2.691
120 11 12 3.1878
120 11 69 2.99736
120 11 49 4.2642
120 11 40 1.42416
120 11 48 1.42416
120 11 51 1.42416
120 11 90 4.68648
120 11 9 4.49604
120 11 54 4.38012
120 11 87 3.57696
120 11 14 2.7324
120 11 11 4.2642
120 11 29 1.42416
120 11 41 1.42416
120 11 13 4.38012
120 11 60 4.91832
120 11 91 4.347
120 11 82 2.80692
120 11 42 1.42416
120 11 80 4.03236
120 11 84 4.03236
120 11 81 4.03236
120 11 43 3.1878
120 11 26 3.34512
120 11 53 2.57508
120 11 57 3.57696
120 11 89 4.14828
120 11 52 8.10612
120 14 89 3.03876
120 14 54 3.30372
120 14 53 1.42416
120 14 57 2.45916
120 14 26 2.1114
120 14 81 2.53368
120 14 84 2.53368
120 14 80 2.53368
120 14 82 1.42416
120 14 43 1.84644
120 14 49 3.15468
120 14 13 3.2706
120 14 60 3.69288
120 14 39 1.42416
120 14 42 1.80504
120 14 56 1.45728
120 14 44 1.42416
120 14 41 2.26872
120 14 11 2.7324
120 14 29 2.61648
120 14 91 3.11328
120 14 86 2.691
120 14 36 3.03876
120 14 14 4.2642
120 14 87 2.45916
120 14 90 3.46104
120 14 48 2.99736
120 14 40 3.15468
120 14 12 2.1528
120 14 9 3.2706
120 14 69 1.87956
120 14 28 1.42416
120 14 7 1.42416
120 14 52 6.88068
120 14 27 1.42416
120 14 83 2.53368
120 14 35 1.42416
120 14 55 1.42416
120 14 51 3.53556
120 14 88 1.68912
120 14 38 3.15468
120 14 85 2.691
120 14 95 2.76552
120 14 37 2.95596
120 13 37 4.76928
120 13 36 4.8024
120 13 38 4.91832
120 13 86 2.95596
120 13 56 3.53556
120 13 44 3.49416
120 13 13 4.2642
120 13 88 3.69288
120 13 55 3.07188
120 13 83 4.57056
120 13 85 4.61196
120 13 95 4.65336
120 13 7 3.34512
120 13 28 3.46104
120 13 27 3.2706
120 13 69 3.8088
120 13 12 3.95784
120 13 40 4.8438
120 13 48 4.68648
120 13 51 5.22468
120 13 90 5.22468
120 13 54 3.57696
120 13 9 5.03424
120 13 87 1.42416
120 13 14 3.2706
120 13 11 4.38012
120 13 41 3.99924
120 13 29 4.2642
120 13 39 3.2706
120 13 91 4.8852
120 13 60 5.45652
120 13 82 3.34512
120 13 42 3.726
120 13 80 4.57056
120 13 81 4.57056
120 13 43 2.7324
120 13 84 4.57056
120 13 26 1.42416
120 13 57 2.76552
120 13 53 3.34512
120 13 49 1.42416
120 13 35 2.92284
120 13 89 3.34512
120 13 52 8.64432
120 9 60 2.38464
120 9 48 4.8024
120 9 54 5.03424
120 9 82 3.1878
120 9 57 4.18968
120 9 26 3.99924
120 9 81 2.92284
120 9 85 2.76552
120 9 80 2.92284
120 9 84 2.92284
120 9 53 3.41964
120 9 49 4.8852
120 9 42 3.84192
120 9 56 3.53556
120 9 41 4.11516
120 9 29 4.38012
120 9 11 4.49604
120 9 39 3.2706
120 9 43 3.8088
120 9 35 3.61008
120 9 87 4.18968
120 9 90 2.38464
120 9 40 4.95972
120 9 91 2.38464
120 9 12 3.95784
120 9 9 4.2642
120 9 69 3.7674
120 9 28 3.41964
120 9 55 3.46104
120 9 7 3.34512
120 9 14 3.2706
120 9 52 5.68836
120 9 27 3.2706
120 9 83 2.92284
120 9 44 3.49416
120 9 51 5.3406
120 9 89 4.76928
120 9 13 5.03424
120 9 86 4.42152
120 9 88 3.65148
120 9 38 2.38464
120 9 36 2.38464
120 9 37 2.53368
120 9 95 2.691
120 48 95 4.42152
120 48 36 4.57056
120 48 37 4.53744
120 48 38 4.68648
120 48 44 2.99736
120 48 56 3.07188
120 48 86 4.07376
120 48 88 3.1878
120 48 55 3.11328
120 48 83 4.347
120 48 35 3.2706
120 48 85 4.38012
120 48 7 2.99736
120 48 28 2.99736
120 48 27 2.99736
120 48 12 3.46104
120 48 69 3.30372
120 48 49 4.57056
120 48 40 1.42416
120 48 51 1.42416
120 48 48 4.2642
120 48 9 4.8024
120 48 90 4.99284
120 48 54 4.68648
120 48 87 3.88332
120 48 14 2.99736
120 48 11 1.42416
120 48 29 1.42416
120 48 41 1.42416
120 48 39 2.99736
120 48 13 4.68648
120 48 60 5.22468
120 48 91 4.65336
120 48 82 3.11328
120 48 42 1.42416
120 48 80 4.347
120 48 81 4.347
120 48 84 4.347
120 48 43 3.49416
120 48 26 3.65148
120 48 53 2.88144
120 48 57 3.88332
120 48 52 8.42076
120 48 89 4.45464
120 7 89 3.11328
120 7 54 3.34512
120 7 57 2.53368
120 7 53 1.42416
120 7 26 2.26872
120 7 81 2.691
120 7 84 2.691
120 7 80 2.691
120 7 82 1.42416
120 7 49 3.2292
120 7 13 3.34512
120 7 51 3.53556
120 7 60 3.7674
120 7 44 1.42416
120 7 56 1.42416
120 7 42 1.42416
120 7 39 1.42416
120 7 41 2.1528
120 7 29 2.53368
120 7 91 3.1878
120 7 11 2.691
120 7 43 1.99548
120 7 14 1.42416
120 7 86 2.7324
120 7 36 3.11328
120 7 87 2.53368
120 7 90 3.53556
120 7 40 3.15468
120 7 48 2.99736
120 7 9 3.34512
120 7 12 1.99548
120 7 69 1.73052
120 7 28 1.42416
120 7 7 4.2642
120 7 52 6.9552
120 7 27 1.42416
120 7 83 2.691
120 7 35 1.656
120 7 55 1.42416
120 7 88 1.54008
120 7 38 3.2292
120 7 95 2.92284
120 7 85 2.84004
120 7 37 3.07188
120 54 37 4.76928
120 54 85 4.61196
120 54 36 4.8438
120 54 38 4.91832
120 54 86 1.42416
120 54 56 3.53556
120 54 13 3.57696
120 54 88 3.69288
120 54 55 3.11328
120 54 83 4.57056
120 54 27 3.30372
120 54 95 4.65336
120 54 52 8.64432
120 54 7 3.34512
120 54 28 3.46104
120 54 69 3.84192
120 54 12 3.95784
120 54 40 4.8438
120 54 51 5.22468
120 54 48 4.68648
120 54 90 5.22468
120 54 54 4.2642
120 54 9 5.03424
120 54 87 2.76552
120 54 14 3.30372
120 54 11 4.38012
120 54 29 4.3056
120 54 41 4.03236
120 54 39 3.30372
120 54 60 5.45652
120 54 44 3.53556
120 54 91 4.8852
120 54 82 3.37824
120 54 42 3.726
120 54 80 4.57056
120 54 84 4.57056
120 54 81 4.57056
120 54 43 2.7324
120 54 26 1.42416
120 54 57 1.42416
120 54 53 3.34512
120 54 35 2.95596
120 54 49 3.46104
120 54 89 1.42416
120 56 54 3.53556
120 56 26 2.50056
120 56 57 2.7324
120 56 81 3.07188
120 56 84 3.07188
120 56 80 3.07188
120 56 82 1.5732
120 56 53 1.42416
120 56 49 3.41964
120 56 13 3.53556
120 56 60 3.95784
120 56 51 3.57696
120 56 39 1.45728
120 56 42 1.96236
120 56 56 4.2642
120 56 41 2.38464
120 56 29 2.6496
120 56 43 2.34324
120 56 91 3.37824
120 56 11 2.76552
120 56 14 1.45728
120 56 87 2.7324
120 56 90 3.726
120 56 48 3.07188
120 56 40 3.2292
120 56 12 1.42416
120 56 9 3.53556
120 56 69 1.42416
120 56 28 1.42416
120 56 7 1.42416
120 56 52 7.14564
120 56 27 1.45728
120 56 44 1.42416
120 56 83 3.07188
120 56 35 2.03688
120 56 55 1.80504
120 56 89 3.30372
120 56 86 2.95596
120 56 88 1.42416
120 56 38 3.41964
120 56 36 3.30372
120 56 85 3.11328
120 56 95 3.15468
120 56 37 3.2706
120 55 85 2.99736
120 55 37 3.1878
120 55 38 3.34512
120 55 88 2.03688
120 55 55 4.2642
120 55 51 3.65148
120 55 35 1.42416
120 55 95 3.07188
120 55 83 2.88144
120 55 52 7.07112
120 55 7 1.42416
120 55 27 1.42416
120 55 28 1.5732
120 55 69 2.22732
120 55 12 2.38464
120 55 9 3.46104
120 55 48 3.11328
120 55 90 3.65148
120 55 87 2.1114
120 55 14 1.42416
120 55 40 3.2706
120 55 36 3.2706
120 55 86 2.45916
120 55 11 2.80692
120 55 41 2.45916
120 55 29 2.7324
120 55 56 1.80504
120 55 44 1.68912
120 55 39 1.42416
120 55 42 2.03688
120 55 13 3.07188
120 55 60 3.88332
120 55 49 2.95596
120 55 91 3.30372
120 55 43 1.42416
120 55 82 1.42416
120 55 80 2.88144
120 55 84 2.88144
120 55 81 2.88144
120 55 26 1.80504
120 55 57 2.1114
120 55 53 1.45728
120 55 89 2.84004
120 55 54 3.11328
120 52 48 8.42076
120 52 54 8.64432
120 52 82 6.80616
120 52 26 7.60932
120 52 57 7.84116
120 52 85 6.60744
120 52 81 6.64884
120 52 84 6.64884
120 52 80 6.64884
120 52 53 7.02972
120 52 49 8.5284
120 52 60 3.2706
120 52 42 7.46028
120 52 56 7.14564
120 52 41 7.72524
120 52 29 7.99848
120 52 11 8.10612
120 52 35 7.22844
120 52 43 7.41888
120 52 39 6.88068
120 52 87 7.79976
120 52 14 6.88068
120 52 90 5.68836
120 52 40 8.5698
120 52 12 7.56792
120 52 36 6.22656
120 52 91 5.9202
120 52 69 7.41888
120 52 55 7.07112
120 52 9 5.68836
120 52 7 6.9552
120 52 52 4.2642
120 52 44 7.11252
120 52 27 6.88068
120 52 83 6.64884
120 52 51 8.95896
120 52 28 7.02972
120 52 89 8.42076
120 52 13 8.64432
120 52 86 8.0316
120 52 88 7.26156
120 52 38 6.06924
120 52 95 6.53292
120 52 37 6.34248
120 53 95 3.07188
120 53 37 3.15468
120 53 36 3.2292
120 53 38 3.30372
120 53 13 3.34512
120 53 88 1.5732
120 53 56 1.42416
120 53 55 1.45728
120 53 86 2.7324
120 53 35 1.68912
120 53 81 2.88144
120 53 57 2.53368
120 53 39 1.42416
120 53 83 2.88144
120 53 85 2.99736
120 53 90 3.61008
120 53 7 1.42416
120 53 28 1.42416
120 53 27 1.42416
120 53 69 1.77192
120 53 12 2.03688
120 53 40 3.03876
120 53 49 3.2292
120 53 51 3.41964
120 53 48 2.88144
120 53 9 3.41964
120 53 87 2.53368
120 53 54 3.34512
120 53 14 1.42416
120 53 29 2.38464
120 53 41 1.99548
120 53 44 1.42416
120 53 60 3.84192
120 53 91 3.30372
120 53 42 1.42416
120 53 82 1.42416
120 53 80 2.88144
120 53 84 2.88144
120 53 26 2.31012
120 53 43 2.03688
120 53 53 4.2642
120 53 11 2.57508
120 53 89 3.11328
120 53 52 7.02972
120 51 52 8.95896
120 51 89 4.99284
120 51 35 3.8088
120 51 57 4.38012
120 51 53 3.41964
120 51 26 4.18968
120 51 84 4.8438
120 51 43 3.99924
120 51 81 4.8438
120 51 80 4.8438
120 51 42 2.99736
120 51 82 3.65148
120 51 91 5.19156
120 51 60 5.76288
120 51 13 5.22468
120 51 39 3.53556
120 51 41 2.7324
120 51 29 1.42416
120 51 11 1.42416
120 51 14 3.53556
120 51 87 4.42152
120 51 9 5.3406
120 51 90 5.53104
120 51 54 5.22468
120 51 48 1.42416
120 51 51 4.2642
120 51 49 5.10876
120 51 40 1.42416
120 51 12 3.99924
120 51 69 3.84192
120 51 27 3.53556
120 51 28 3.53556
120 51 7 3.53556
120 51 85 4.91832
120 51 95 4.95972
120 51 83 4.8438
120 51 55 3.65148
120 51 88 3.726
120 51 56 3.57696
120 51 44 3.53556
120 51 86 4.61196
120 51 38 5.22468
120 51 36 5.10876
120 51 37 5.07564
120 40 37 4.68648
120 40 36 4.72788
120 40 38 4.8438
120 40 44 3.15468
120 40 56 3.2292
120 40 88 3.34512
120 40 55 3.2706
120 40 86 4.23108
120 40 83 4.45464
120 40 35 3.41964
120 40 95 4.57056
120 40 85 4.53744
120 40 7 3.15468
120 40 28 3.15468
120 40 27 3.15468
120 40 69 3.46104
120 40 12 3.61008
120 40 40 4.2642
120 40 49 4.72788
120 40 51 1.42416
120 40 48 1.42416
120 40 54 4.8438
120 40 90 5.15016
120 40 9 4.95972
120 40 87 4.03236
120 40 14 3.15468
120 40 11 1.42416
120 40 29 1.42416
120 40 41 2.26872
120 40 39 3.15468
120 40 13 4.8438
120 40 60 5.382
120 40 91 4.8024
120 40 82 3.2706
120 40 42 2.61648
120 40 43 3.65148
120 40 80 4.45464
120 40 81 4.45464
120 40 84 4.45464
120 40 26 3.8088
120 40 53 3.03876
120 40 57 3.99924
120 40 89 4.61196
120 40 52 8.5698
120 39 89 3.03876
120 39 54 3.30372
120 39 53 1.42416
120 39 57 2.45916
120 39 26 2.1114
120 39 81 2.53368
120 39 80 2.53368
120 39 84 2.53368
120 39 82 1.42416
120 39 49 3.15468
120 39 43 1.84644
120 39 13 3.2706
120 39 60 3.69288
120 39 39 4.2642
120 39 42 1.80504
120 39 44 1.42416
120 39 56 1.45728
120 39 41 2.26872
120 39 11 2.7324
120 39 29 2.61648
120 39 91 3.11328
120 39 86 2.691
120 39 36 3.03876
120 39 14 1.42416
120 39 87 2.45916
120 39 90 3.46104
120 39 48 2.99736
120 39 40 3.15468
120 39 12 2.1528
120 39 69 1.87956
120 39 9 3.2706
120 39 28 1.42416
120 39 7 1.42416
120 39 52 6.88068
120 39 95 2.76552
120 39 27 1.42416
120 39 83 2.53368
120 39 51 3.53556
120 39 35 1.42416
120 39 55 1.42416
120 39 88 1.68912
120 39 38 3.15468
120 39 37 2.95596
120 39 85 2.691
120 43 85 3.41964
120 43 37 3.57696
120 43 38 3.69288
120 43 88 2.45916
120 43 13 2.7324
120 43 55 1.42416
120 43 90 3.99924
120 43 35 1.42416
120 43 51 3.99924
120 43 83 3.34512
120 43 27 1.84644
120 43 95 3.46104
120 43 7 1.99548
120 43 28 2.1942
120 43 69 2.61648
120 43 12 2.76552
120 43 48 3.49416
120 43 9 3.8088
120 43 87 1.42416
120 43 54 2.7324
120 43 36 3.61008
120 43 40 3.65148
120 43 86 1.87956
120 43 14 1.84644
120 43 11 3.1878
120 43 41 2.80692
120 43 29 3.07188
120 43 56 2.34324
120 43 39 1.84644
120 43 42 2.53368
120 43 44 2.31012
120 43 49 2.61648
120 43 91 3.69288
120 43 60 4.2642
120 43 82 1.96236
120 43 43 4.2642
120 43 80 3.34512
120 43 81 3.34512
120 43 84 3.34512
120 43 26 1.42416
120 43 53 2.03688
120 43 57 1.42416
120 43 89 2.41776
120 43 52 7.41888
120 41 52 7.72524
120 41 89 3.7674
120 41 57 3.1878
120 41 11 1.42416
120 41 53 1.99548
120 41 26 2.99736
120 41 43 2.80692
120 41 84 3.65148
120 41 80 3.65148
120 41 42 1.42416
120 41 82 2.41776
120 41 60 4.53744
120 41 91 3.95784
120 41 44 2.31012
120 41 13 3.99924
120 41 29 1.42416
120 41 41 4.2642
120 41 14 2.26872
120 41 54 4.03236
120 41 87 3.1878
120 41 51 2.7324
120 41 48 1.42416
120 41 90 4.3056
120 41 9 4.11516
120 41 49 3.88332
120 41 40 2.26872
120 41 12 2.80692
120 41 69 2.6496
120 41 28 2.1942
120 41 27 2.26872
120 41 7 2.1528
120 41 83 3.65148
120 41 35 2.57508
120 41 81 3.65148
120 41 86 3.41964
120 41 55 2.45916
120 41 88 2.53368
120 41 39 2.26872
120 41 56 2.38464
120 41 38 3.99924
120 41 37 3.84192
120 41 36 3.91644
120 41 85 3.69288
120 41 95 3.726
120 42 95 3.46104
120 42 36 3.61008
120 42 37 3.57696
120 42 38 3.726
120 42 56 1.96236
120 42 88 2.1942
120 42 55 2.03688
120 42 86 3.11328
120 42 81 3.37824
120 42 35 2.31012
120 42 83 3.37824
120 42 85 3.41964
120 42 39 1.80504
120 42 7 1.42416
120 42 27 1.80504
120 42 28 1.73052
120 42 69 2.38464
120 42 12 2.50056
120 42 40 2.61648
120 42 49 3.61008
120 42 9 3.84192
120 42 90 4.03236
120 42 48 1.42416
120 42 51 2.99736
120 42 87 2.92284
120 42 54 3.726
120 42 14 1.80504
120 42 41 1.42416
120 42 29 1.42416
120 42 13 3.726
120 42 44 1.84644
120 42 91 3.69288
120 42 60 4.2642
120 42 82 1.96236
120 42 42 4.2642
120 42 80 3.37824
120 42 84 3.37824
120 42 43 2.53368
120 42 26 2.691
120 42 53 1.42416
120 42 11 1.42416
120 42 57 2.88144
120 42 52 7.46028
120 42 89 3.49416
120 44 54 3.53556
120 44 53 1.42416
120 44 57 2.691
120 44 26 2.50056
120 44 81 2.99736
120 44 86 2.92284
120 44 84 2.99736
120 44 80 2.99736
120 44 82 1.49868
120 44 49 3.37824
120 44 13 3.49416
120 44 60 3.91644
120 44 51 3.53556
120 44 42 1.84644
120 44 39 1.42416
120 44 56 1.42416
120 44 41 2.31012
120 44 29 2.61648
120 44 91 3.34512
120 44 43 2.31012
120 44 11 2.7324
120 44 36 3.2706
120 44 87 2.691
120 44 14 1.42416
120 44 40 3.15468
120 44 48 2.99736
120 44 90 3.65148
120 44 12 1.42416
120 44 69 1.42416
120 44 9 3.49416
120 44 28 1.42416
120 44 7 1.42416
120 44 52 7.11252
120 44 27 1.42416
120 44 83 2.99736
120 44 35 1.92096
120 44 55 1.68912
120 44 89 3.2706
120 44 44 4.2642
120 44 38 3.37824
120 44 88 1.42416
120 44 37 3.2292
120 44 95 3.11328
120 44 85 3.07188
120 29 85 3.95784
120 29 95 3.99924
120 29 37 4.11516
120 29 36 4.18968
120 29 39 2.61648
120 29 38 4.2642
120 29 56 2.6496
120 29 88 2.76552
120 29 55 2.7324
120 29 86 3.69288
120 29 83 3.91644
120 29 35 2.84004
120 29 81 3.91644
120 29 7 2.53368
120 29 27 2.61648
120 29 28 2.53368
120 29 69 2.92284
120 29 12 3.03876
120 29 40 1.42416
120 29 49 4.14828
120 29 9 4.38012
120 29 90 4.57056
120 29 48 1.42416
120 29 51 1.42416
120 29 87 3.46104
120 29 54 4.3056
120 29 14 2.61648
120 29 41 1.42416
120 29 29 4.2642
120 29 13 4.2642
120 29 44 2.61648
120 29 60 4.8024
120 29 91 4.23108
120 29 11 1.42416
120 29 82 2.691
120 29 42 1.42416
120 29 80 3.91644
120 29 84 3.91644
120 29 43 3.07188
120 29 26 3.2292
120 29 57 3.46104
120 29 53 2.38464
120 29 52 7.99848
120 29 89 4.03236
120 28 89 3.1878
120 28 54 3.46104
120 28 53 1.42416
120 28 57 2.61648
120 28 26 2.41776
120 28 81 2.88144
120 28 84 2.88144
120 28 80 2.88144
120 28 82 1.42416
120 28 49 3.30372
120 28 13 3.46104
120 28 51 3.53556
120 28 60 3.84192
120 28 56 1.42416
120 28 39 1.42416
120 28 42 1.73052
120 28 41 2.1942
120 28 11 2.691
120 28 43 2.1942
120 28 91 3.2706
120 28 29 2.53368
120 28 36 3.2292
120 28 86 2.84004
120 28 87 2.61648
120 28 14 1.42416
120 28 40 3.15468
120 28 48 2.99736
120 28 90 3.61008
120 28 12 1.42416
120 28 69 1.42416
120 28 9 3.41964
120 28 28 4.2642
120 28 7 1.42416
120 28 52 7.02972
120 28 83 2.88144
120 28 27 1.42416
120 28 35 1.80504
120 28 55 1.5732
120 28 44 1.42416
120 28 38 3.30372
120 28 88 1.42416
120 28 95 3.03876
120 28 85 2.99736
120 28 37 3.15468
120 27 37 2.95596
120 27 85 2.691
120 27 38 3.15468
120 27 88 1.68912
120 27 55 1.42416
120 27 35 1.42416
120 27 51 3.53556
120 27 27 4.2642
120 27 95 2.76552
120 27 83 2.53368
120 27 52 6.88068
120 27 7 1.42416
120 27 28 1.42416
120 27 9 3.2706
120 27 69 1.87956
120 27 12 2.1528
120 27 90 3.46104
120 27 48 2.99736
120 27 14 1.42416
120 27 87 2.45916
120 27 86 2.691
120 27 36 3.03876
120 27 40 3.15468
120 27 29 2.61648
120 27 11 2.7324
120 27 91 3.11328
120 27 41 2.26872
120 27 42 1.80504
120 27 39 1.42416
120 27 56 1.45728
120 27 44 1.42416
120 27 60 3.69288
120 27 13 3.2706
120 27 43 1.84644
120 27 49 3.15468
120 27 82 1.42416
120 27 80 2.53368
120 27 84 2.53368
120 27 81 2.53368
120 27 26 2.1114
120 27 57 2.45916
120 27 53 1.42416
120 27 54 3.30372
120 27 89 3.03876
120 26 89 1.42416
120 26 52 7.60932
120 26 35 1.42416
120 26 49 1.42416
120 26 53 2.31012
120 26 57 1.42416
120 26 26 4.2642
120 26 81 3.53556
120 26 84 3.53556
120 26 80 3.53556
120 26 82 2.26872
120 26 43 1.42416
120 26 91 3.84192
120 26 60 4.42152
120 26 44 2.50056
120 26 39 2.1114
120 26 42 2.691
120 26 41 2.99736
120 26 29 3.2292
120 26 11 3.34512
120 26 14 2.1114
120 26 36 3.7674
120 26 40 3.8088
120 26 86 1.42416
120 26 87 1.42416
120 26 54 1.42416
120 26 48 3.65148
120 26 9 3.99924
120 26 90 4.18968
120 26 12 2.92284
120 26 69 2.76552
120 26 28 2.41776
120 26 7 2.26872
120 26 51 4.18968
120 26 83 3.53556
120 26 95 3.61008
120 26 27 2.1114
120 26 55 1.80504
120 26 88 2.6496
120 26 56 2.50056
120 26 13 1.42416
120 26 38 3.88332
120 26 85 3.57696
120 26 37 3.726
133 19 21 6.72336
133 19 20 3.46104
133 19 21 3.46104
133 19 20 6.72336
133 21 19 6.72336
133 21 19 3.46104
133 21 20 5.95332
133 21 21 2.691
133 21 20 9.41436
133 21 21 3.46104
133 20 20 2.691
133 20 19 3.46104
133 20 21 9.41436
133 20 19 6.72336
133 20 21 5.95332
133 20 20 3.46104
130 68 63 9.99396
130 68 67 3.84192
130 68 66 5.382
130 68 65 6.92208
130 68 64 8.45388
130 68 68 2.31012
130 67 67 2.31012
130 67 66 3.84192
130 67 64 6.92208
130 67 65 5.382
130 67 63 8.45388
130 67 68 3.84192
130 66 68 5.382
130 66 63 6.92208
130 66 65 3.84192
130 66 64 5.382
130 66 67 3.84192
130 66 66 2.31012
130 65 63 5.382
130 65 67 5.382
130 65 65 2.31012
130 65 64 3.84192
130 65 66 3.84192
130 65 68 6.92208
130 64 68 8.45388
130 64 66 5.382
130 64 65 3.84192
130 64 64 2.31012
130 64 63 3.84192
130 64 67 6.92208
130 63 68 9.99396
130 63 67 8.45388
130 63 63 2.31012
130 63 66 6.92208
130 63 64 3.84192
130 63 65 5.382
82 10 10 1.6146
82 10 8 3.2292
82 8 8 1.6146
82 8 10 3.2292
92 72 71 5.19156
92 72 70 2.88144
92 72 75 2.88144
92 72 73 5.19156
92 72 76 3.65148
92 72 74 5.19156
52 71 70 2.88144
52 71 75 5.19156
52 71 74 2.88144
52 71 73 2.1114
52 71 76 2.1114
52 71 72 5.19156
92 70 71 2.88144
52 70 71 2.67444
92 70 72 2.88144
52 70 72 2.67444
92 70 75 4.42152
52 70 75 4.10688
92 70 74 4.42152
52 70 74 4.10688
92 70 73 3.65148
52 70 73 3.38652
92 70 76 2.1114
52 70 76 1.96236
92 70 70 1.15092
52 70 70 1.06812
92 75 74 5.19156
92 75 73 5.19156
92 75 76 5.19156
92 75 70 4.42152
92 75 72 2.88144
92 75 71 5.19156
52 74 71 2.88144
52 74 72 5.19156
52 74 70 4.42152
52 74 75 5.19156
52 74 73 2.1114
52 74 76 3.65148
52 73 75 5.19156
52 73 74 2.1114
52 73 76 2.88144
52 73 70 3.65148
52 73 71 2.1114
52 73 72 5.19156
92 76 72 3.65148
52 76 72 3.38652
92 76 71 2.1114
52 76 71 1.96236
92 76 70 2.1114
52 76 70 1.96236
92 76 75 5.19156
52 76 75 4.81896
92 76 74 3.65148
52 76 74 3.38652
92 76 73 2.88144
52 76 73 2.67444
101 79 77 7.30296
101 77 78 7.88256
101 77 79 7.30296
101 78 77 7.88256
52 46 47 4.61196
52 46 45 4.61196
52 45 47 1.34136
52 45 46 4.61196
52 47 47 1.34136
52 47 45 1.34136
52 47 46 4.61196
80 61 62 3.84192
24 61 62 3.56868
80 61 62 3.07188
24 61 62 2.8566
80 62 62 1.54008
24 62 62 1.42416
80 62 61 1.54008
24 62 61 1.42416
80 62 62 1.54008
24 62 62 1.42416
80 62 61 1.54008
24 62 61 1.42416
60 50 92 4.23108
60 50 94 4.23108
60 50 50 4.23108
60 50 93 4.23108
60 92 92 1.15092
60 92 94 1.15092
60 92 93 1.15092
60 92 92 1.15092
60 92 94 1.15092
60 92 93 1.15092
60 92 92 4.23108
60 92 94 4.23108
60 92 50 4.23108
60 92 93 2.50056
60 94 92 4.23108
60 94 94 4.23108
60 94 50 4.23108
60 94 93 4.23108
60 94 92 1.15092
60 94 92 1.15092
60 94 94 1.15092
60 94 93 1.15092
60 94 94 1.15092
60 94 93 1.15092
60 93 94 1.15092
60 93 92 1.15092
60 93 94 4.23108
60 93 92 2.50056
60 93 50 4.23108
60 93 93 4.23108
60 93 93 2.31012
60 93 1 2.31012
60 93 94 1.15092
60 93 92 1.15092
60 93 93 1.15092
60 93 93 1.15092
60 1 1 2.31012
60 1 93 2.31012
