30 58 59 3.588
30 58 58 1.794
30 59 59 1.794
30 59 58 3.588
131 30 16 13.662
131 30 25 10.2488
131 30 18 6.8356
131 30 32 5.98
131 30 24 6.8356
131 30 17 8.1144
131 30 33 9.3932
131 30 31 11.96
131 30 34 13.662
131 30 15 15.3732
131 32 30 5.98
131 32 15 15.3732
131 32 34 13.662
131 32 31 11.1044
131 32 33 9.3932
131 32 17 7.2588
131 32 24 5.5476
131 32 18 7.2588
131 32 25 10.2488
131 32 16 13.662
131 31 16 21.3532
131 31 25 16.2288
131 31 18 12.8156
131 31 32 11.1044
131 31 24 10.2488
131 31 17 9.3932
131 31 30 11.96
131 31 33 8.1144
131 31 15 9.3932
131 31 34 8.1144
131 34 15 6.8356
131 34 31 8.1144
131 34 33 10.2488
131 34 30 13.662
131 34 17 11.96
131 34 24 12.8156
131 34 32 13.662
131 34 18 15.3732
131 34 25 18.7864
131 34 16 23.0644
131 33 16 18.7864
131 33 25 13.662
131 33 18 10.2488
131 33 32 9.3932
131 33 24 8.1144
131 33 17 6.8356
131 33 30 9.3932
131 33 31 8.1144
131 33 34 10.2488
131 33 15 11.96
131 25 18 9.3932
131 25 30 10.2488
131 25 16 9.3932
131 25 32 10.2488
131 25 24 11.1044
131 25 17 12.8156
131 25 33 13.662
131 25 31 16.2288
131 25 34 18.7864
131 25 15 21.3532
131 24 16 15.3732
131 24 25 11.1044
131 24 18 8.1144
131 24 32 5.5476
131 24 17 5.98
131 24 33 8.1144
131 24 31 10.2488
131 24 34 12.8156
131 24 15 13.662
131 24 30 6.8356
131 17 30 8.1144
131 17 15 12.8156
131 17 34 11.96
131 17 31 9.3932
131 17 33 6.8356
131 17 32 7.2588
131 17 24 5.98
131 17 18 9.3932
131 17 25 12.8156
131 17 16 15.3732
131 18 16 12.8156
131 18 15 16.2288
131 18 34 15.3732
131 18 31 12.8156
131 18 33 10.2488
131 18 17 9.3932
131 18 24 8.1144
131 18 32 7.2588
131 18 30 6.8356
131 18 25 9.3932
131 15 18 16.2288
131 15 32 15.3732
131 15 24 13.662
131 15 31 9.3932
131 15 17 12.8156
131 15 30 15.3732
131 15 33 11.96
131 15 34 6.8356
131 15 16 24.7664
131 15 25 21.3532
131 16 25 9.3932
131 16 32 13.662
131 16 24 15.3732
131 16 17 15.3732
131 16 33 18.7864
131 16 31 21.3532
131 16 34 23.0644
131 16 15 24.7664
131 16 18 12.8156
131 16 30 13.662
120 80 37 1.5824
120 80 95 1.5824
120 80 38 2.6864
120 80 56 3.4132
120 80 13 5.0784
120 80 36 1.6192
120 80 86 4.3976
120 80 55 3.2016
120 80 35 3.4592
120 80 57 4.14
120 80 81 1.5824
120 80 83 1.5824
120 80 85 1.5824
120 80 39 2.8152
120 80 27 2.8152
120 80 28 3.2016
120 80 7 2.99
120 80 90 3.542
120 80 40 4.9496
120 80 49 4.9128
120 80 12 3.8456
120 80 69 3.6708
120 80 51 5.382
120 80 48 4.83
120 80 9 3.2476
120 80 54 5.0784
120 80 87 4.14
120 80 14 2.8152
120 80 29 4.3516
120 80 41 4.0572
120 80 88 3.542
120 80 44 3.3304
120 80 60 3.8456
120 80 91 2.99
120 80 42 3.7536
120 80 82 2.6496
120 80 80 4.738
120 80 84 1.5824
120 80 43 3.7168
120 80 26 3.9284
120 80 11 4.4804
120 80 53 3.2016
120 80 52 7.3876
120 80 89 4.784
120 81 89 4.784
120 81 52 7.3876
120 81 53 3.2016
120 81 26 3.9284
120 81 43 3.7168
120 81 84 1.5824
120 81 83 1.5824
120 81 80 1.5824
120 81 82 2.6496
120 81 42 3.7536
120 81 60 3.8456
120 81 44 3.3304
120 81 13 5.0784
120 81 88 3.542
120 81 41 4.0572
120 81 29 4.3516
120 81 91 2.99
120 81 11 4.4804
120 81 14 2.8152
120 81 87 4.14
120 81 54 5.0784
120 81 9 3.2476
120 81 48 4.83
120 81 51 5.382
120 81 69 3.6708
120 81 12 3.8456
120 81 49 4.9128
120 81 40 4.9496
120 81 90 3.542
120 81 7 2.99
120 81 28 3.2016
120 81 27 2.8152
120 81 39 2.8152
120 81 85 1.5824
120 81 57 4.14
120 81 81 4.738
120 81 35 3.4592
120 81 55 3.2016
120 81 86 4.3976
120 81 56 3.4132
120 81 38 2.6864
120 81 95 1.5824
120 81 37 1.5824
120 81 36 1.6192
120 82 37 3.1188
120 82 95 2.9072
120 82 38 3.4132
120 82 36 3.2476
120 82 56 1.748
120 82 13 3.7168
120 82 55 1.5824
120 82 86 3.0728
120 82 35 1.794
120 82 57 2.8152
120 82 81 2.6496
120 82 83 2.6496
120 82 85 2.8612
120 82 39 1.5824
120 82 27 1.5824
120 82 28 1.5824
120 82 7 1.5824
120 82 90 3.7536
120 82 40 3.634
120 82 49 3.588
120 82 12 2.5208
120 82 69 2.2172
120 82 51 4.0572
120 82 48 3.4592
120 82 9 3.542
120 82 54 3.7536
120 82 87 2.8152
120 82 14 1.5824
120 82 91 3.3764
120 82 29 2.99
120 82 41 2.6864
120 82 88 2.0056
120 82 44 1.6652
120 82 60 4.0112
120 82 42 2.1804
120 82 82 4.738
120 82 80 2.6496
120 82 84 2.6496
120 82 43 2.1804
120 82 26 2.5208
120 82 53 1.5824
120 82 11 3.1188
120 82 52 7.5624
120 82 89 3.4592
120 83 89 4.784
120 83 52 7.3876
120 83 53 3.2016
120 83 26 3.9284
120 83 43 3.7168
120 83 84 1.5824
120 83 83 4.738
120 83 80 1.5824
120 83 82 2.6496
120 83 42 3.7536
120 83 60 3.8456
120 83 91 2.99
120 83 44 3.3304
120 83 13 5.0784
120 83 57 4.14
120 83 88 3.542
120 83 41 4.0572
120 83 29 4.3516
120 83 11 4.4804
120 83 14 2.8152
120 83 87 4.14
120 83 54 5.0784
120 83 9 3.2476
120 83 48 4.83
120 83 51 5.382
120 83 69 3.6708
120 83 12 3.8456
120 83 49 4.9128
120 83 40 4.9496
120 83 90 3.542
120 83 7 2.99
120 83 28 3.2016
120 83 27 2.8152
120 83 39 2.8152
120 83 85 1.5824
120 83 81 1.5824
120 83 35 3.4592
120 83 55 3.2016
120 83 86 4.3976
120 83 56 3.4132
120 83 38 2.6864
120 83 95 1.5824
120 83 37 1.5824
120 83 36 1.6192
120 84 37 1.5824
120 84 95 1.5824
120 84 38 2.6864
120 84 36 1.6192
120 84 56 3.4132
120 84 86 4.3976
120 84 55 3.2016
120 84 35 3.4592
120 84 57 4.14
120 84 81 1.5824
120 84 85 1.5824
120 84 39 2.8152
120 84 27 2.8152
120 84 28 3.2016
120 84 90 3.542
120 84 7 2.99
120 84 40 4.9496
120 84 49 4.9128
120 84 12 3.8456
120 84 69 3.6708
120 84 51 5.382
120 84 48 4.83
120 84 9 3.2476
120 84 54 5.0784
120 84 87 4.14
120 84 14 2.8152
120 84 91 2.99
120 84 29 4.3516
120 84 41 4.0572
120 84 88 3.542
120 84 13 5.0784
120 84 44 3.3304
120 84 60 3.8456
120 84 42 3.7536
120 84 82 2.6496
120 84 80 1.5824
120 84 84 4.738
120 84 43 3.7168
120 84 26 3.9284
120 84 53 3.2016
120 84 83 1.5824
120 84 11 4.4804
120 84 52 7.3876
120 84 89 4.784
120 85 89 4.8668
120 85 53 3.3304
120 85 83 1.5824
120 85 38 2.5208
120 85 52 7.3416
120 85 26 3.9744
120 85 43 3.7996
120 85 84 1.5824
120 85 80 1.5824
120 85 82 2.8612
120 85 42 3.7996
120 85 60 3.7996
120 85 91 2.8612
120 85 44 3.4132
120 85 57 4.232
120 85 13 5.1244
120 85 88 3.634
120 85 41 4.1032
120 85 29 4.3976
120 85 48 4.8668
120 85 11 4.5264
120 85 14 2.99
120 85 55 3.3304
120 85 87 4.232
120 85 54 5.1244
120 85 9 3.0728
120 85 51 5.4648
120 85 69 3.7536
120 85 12 3.9284
120 85 49 4.9956
120 85 40 5.0416
120 85 90 3.4132
120 85 7 3.1556
120 85 28 3.3304
120 85 27 2.99
120 85 39 2.99
120 85 85 4.738
120 85 81 1.5824
120 85 35 3.542
120 85 86 4.4436
120 85 56 3.4592
120 85 95 1.5824
120 85 37 1.5824
120 85 36 1.5824
120 60 37 3.542
120 60 95 3.7536
120 60 13 6.0628
120 60 38 3.2476
120 60 86 5.382
120 60 88 4.5724
120 60 89 5.8052
120 60 83 3.8456
120 60 44 4.3516
120 60 27 4.1032
120 60 28 4.2688
120 60 7 4.186
120 60 52 3.634
120 60 91 3.0728
120 60 12 4.8668
120 60 69 4.7012
120 60 55 4.3148
120 60 9 2.6496
120 60 40 5.98
120 60 90 2.6496
120 60 48 5.8052
120 60 87 5.1704
120 60 14 4.1032
120 60 35 4.4804
120 60 36 3.4592
120 60 39 4.1032
120 60 29 5.336
120 60 11 5.4648
120 60 43 4.738
120 60 41 5.0416
120 60 56 4.3976
120 60 42 4.738
120 60 51 6.4032
120 60 60 4.738
120 60 49 5.934
120 60 53 4.2688
120 60 82 4.0112
120 60 80 3.8456
120 60 84 3.8456
120 60 81 3.8456
120 60 85 3.7996
120 60 26 4.9128
120 60 57 5.1704
120 60 54 6.0628
120 57 35 2.0884
120 57 49 2.944
120 57 89 1.5824
120 57 26 1.5824
120 57 57 4.738
120 57 53 2.8152
120 57 81 4.14
120 57 84 4.14
120 57 80 4.14
120 57 82 2.8152
120 57 42 3.2016
120 57 43 1.5824
120 57 91 4.5264
120 57 60 5.1704
120 57 44 2.99
120 57 39 2.7324
120 57 29 3.8456
120 57 41 3.542
120 57 11 3.9744
120 57 14 2.7324
120 57 40 4.4436
120 57 36 4.4436
120 57 87 1.5824
120 57 54 1.5824
120 57 90 4.8668
120 57 48 4.3148
120 57 9 4.6552
120 57 69 3.3304
120 57 12 3.5052
120 57 52 8.7124
120 57 51 4.8668
120 57 7 2.8152
120 57 28 2.9072
120 57 27 2.7324
120 57 95 4.2688
120 57 83 4.14
120 57 55 2.346
120 57 88 3.2016
120 57 86 1.5824
120 57 38 4.5264
120 57 13 3.0728
120 57 56 3.036
120 57 85 4.232
120 57 37 4.3516
120 69 37 3.9284
120 69 95 3.7996
120 69 38 4.0572
120 69 86 3.588
120 69 88 1.5824
120 69 35 2.6496
120 69 89 3.9744
120 69 51 4.2688
120 69 83 3.6708
120 69 27 2.0884
120 69 44 1.5824
120 69 28 1.5824
120 69 7 1.9228
120 69 52 8.2432
120 69 12 1.5824
120 69 91 4.0572
120 69 9 4.186
120 69 69 4.738
120 69 40 3.8456
120 69 48 3.6708
120 69 90 4.3976
120 69 14 2.0884
120 69 87 3.3304
120 69 36 3.9744
120 69 29 3.2476
120 69 43 2.9072
120 69 11 3.3304
120 69 41 2.944
120 69 39 2.0884
120 69 42 2.6496
120 69 56 1.5824
120 69 13 4.232
120 69 60 4.7012
120 69 49 4.1032
120 69 53 1.9688
120 69 82 2.2172
120 69 80 3.6708
120 69 84 3.6708
120 69 85 3.7536
120 69 81 3.6708
120 69 26 3.0728
120 69 57 3.3304
120 69 55 2.4748
120 69 54 4.2688
120 95 89 4.9128
120 95 52 7.2588
120 95 26 4.0112
120 95 43 3.8456
120 95 53 3.4132
120 95 84 1.5824
120 95 83 1.5824
120 95 80 1.5824
120 95 82 2.9072
120 95 42 3.8456
120 95 60 3.7536
120 95 91 2.7784
120 95 57 4.2688
120 95 44 3.4592
120 95 88 3.6708
120 95 41 4.14
120 95 29 4.4436
120 95 48 4.9128
120 95 11 4.5724
120 95 14 3.0728
120 95 54 5.1704
120 95 87 4.2688
120 95 38 2.5208
120 95 9 2.99
120 95 51 5.5108
120 95 12 3.9744
120 95 40 5.0784
120 95 49 5.0416
120 95 90 3.3304
120 95 7 3.2476
120 95 27 3.0728
120 95 28 3.3764
120 95 39 3.0728
120 95 85 1.5824
120 95 35 3.588
120 95 81 1.5824
120 95 13 5.1704
120 95 86 4.4804
120 95 55 3.4132
120 95 69 3.7996
120 95 56 3.5052
120 95 95 4.738
120 95 37 1.5824
120 95 36 1.5824
120 36 37 1.5824
120 36 95 1.5824
120 36 85 1.5824
120 36 56 3.6708
120 36 87 4.4436
120 36 69 3.9744
120 36 36 4.738
120 36 55 3.634
120 36 86 4.7012
120 36 35 3.7536
120 36 81 1.6192
120 36 39 3.3764
120 36 28 3.588
120 36 27 3.3764
120 36 90 3.036
120 36 7 3.4592
120 36 49 5.2072
120 36 40 5.2532
120 36 12 4.14
120 36 51 5.6764
120 36 9 2.6496
120 36 38 2.5208
120 36 54 5.382
120 36 14 3.3764
120 36 11 4.738
120 36 48 5.0784
120 36 29 4.6552
120 36 88 3.8456
120 36 41 4.3516
120 36 44 3.634
120 36 57 4.4436
120 36 13 5.336
120 36 60 3.4592
120 36 82 3.2476
120 36 80 1.6192
120 36 91 2.6496
120 36 83 1.6192
120 36 84 1.6192
120 36 53 3.588
120 36 42 4.0112
120 36 43 4.0112
120 36 26 4.186
120 36 52 6.9184
120 36 89 5.0784
120 35 49 3.1188
120 35 28 2.0056
120 35 52 8.0316
120 35 89 2.99
120 35 26 1.5824
120 35 53 1.8768
120 35 57 2.0884
120 35 84 3.4592
120 35 81 3.4592
120 35 80 3.4592
120 35 60 4.4804
120 35 91 3.8456
120 35 43 1.5824
120 35 82 1.794
120 35 13 3.2476
120 35 44 2.1344
120 35 42 2.5668
120 35 39 1.5824
120 35 56 2.2632
120 35 29 3.1556
120 35 41 2.8612
120 35 11 3.2844
120 35 14 1.5824
120 35 36 3.7536
120 35 40 3.7996
120 35 86 2.4748
120 35 87 2.0884
120 35 54 3.2844
120 35 90 4.232
120 35 9 4.0112
120 35 48 3.634
120 35 69 2.6496
120 35 12 2.8152
120 35 7 1.84
120 35 27 1.5824
120 35 95 3.588
120 35 83 3.4592
120 35 51 4.232
120 35 35 4.738
120 35 55 1.5824
120 35 38 3.8824
120 35 88 2.5208
120 35 85 3.542
120 35 37 3.7168
120 38 37 2.5208
120 38 85 2.5208
120 38 95 2.5208
120 38 87 4.5264
120 38 56 3.7996
120 38 36 2.5208
120 38 69 4.0572
120 38 86 4.784
120 38 81 2.6864
120 38 35 3.8824
120 38 39 3.5052
120 38 7 3.588
120 38 90 2.6496
120 38 27 3.5052
120 38 44 3.7536
120 38 28 3.6708
120 38 12 4.2688
120 38 40 5.382
120 38 49 5.2992
120 38 51 5.8052
120 38 9 2.6496
120 38 54 5.4648
120 38 38 4.738
120 38 55 3.7168
120 38 14 3.5052
120 38 11 4.8668
120 38 48 5.2072
120 38 29 4.738
120 38 88 3.9284
120 38 41 4.4436
120 38 13 5.4648
120 38 57 4.5264
120 38 42 4.14
120 38 60 3.2476
120 38 82 3.4132
120 38 80 2.6864
120 38 83 2.6864
120 38 84 2.6864
120 38 53 3.6708
120 38 26 4.3148
120 38 43 4.1032
120 38 52 6.7436
120 38 91 2.6496
120 38 89 5.1704
120 37 89 5.0416
120 37 52 7.0472
120 37 43 3.9744
120 37 26 4.14
120 37 53 3.5052
120 37 84 1.5824
120 37 83 1.5824
120 37 80 1.5824
120 37 82 3.1188
120 37 60 3.542
120 37 42 3.9744
120 37 57 4.3516
120 37 44 3.588
120 37 88 3.7996
120 37 29 4.5724
120 37 41 4.2688
120 37 48 5.0416
120 37 91 2.6496
120 37 11 4.7012
120 37 14 3.2844
120 37 38 2.5208
120 37 54 5.2992
120 37 9 2.8152
120 37 51 5.6396
120 37 49 5.1704
120 37 40 5.2072
120 37 12 4.1032
120 37 28 3.5052
120 37 27 3.2844
120 37 90 3.1188
120 37 7 3.4132
120 37 39 3.2844
120 37 85 1.5824
120 37 81 1.5824
120 37 35 3.7168
120 37 86 4.6092
120 37 13 5.2992
120 37 55 3.542
120 37 69 3.9284
120 37 87 4.3976
120 37 56 3.634
120 37 95 1.5824
120 37 37 4.738
120 37 36 1.5824
120 49 37 5.1704
120 49 95 5.0416
120 49 13 1.5824
120 49 88 3.9744
120 49 86 3.1556
120 49 38 5.2992
120 49 35 3.1188
120 49 89 3.588
120 49 83 4.9128
120 49 44 3.7536
120 49 27 3.5052
120 49 52 9.476
120 49 28 3.6708
120 49 7 3.588
120 49 69 4.1032
120 49 9 5.428
120 49 91 5.2992
120 49 12 4.2688
120 49 40 5.2532
120 49 90 5.6396
120 49 48 5.0784
120 49 87 1.5824
120 49 14 3.5052
120 49 39 3.5052
120 49 36 5.2072
120 49 29 4.6092
120 49 11 4.738
120 49 43 2.9072
120 49 41 4.3148
120 49 56 3.7996
120 49 42 4.0112
120 49 51 5.6764
120 49 60 5.934
120 49 53 3.588
120 49 82 3.588
120 49 49 4.738
120 49 80 4.9128
120 49 84 4.9128
120 49 85 4.9956
120 49 81 4.9128
120 49 57 2.944
120 49 26 1.5824
120 49 54 3.8456
120 49 55 3.2844
120 86 35 2.4748
120 86 49 3.1556
120 86 89 1.5824
120 86 26 1.5824
120 86 9 4.9128
120 86 53 3.036
120 86 57 1.5824
120 86 81 4.3976
120 86 84 4.3976
120 86 80 4.3976
120 86 91 4.738
120 86 43 2.0884
120 86 82 3.0728
120 86 42 3.4592
120 86 60 5.382
120 86 44 3.2476
120 86 39 2.99
120 86 29 4.1032
120 86 41 3.7996
120 86 11 4.186
120 86 40 4.7012
120 86 14 2.99
120 86 87 2.1804
120 86 54 1.5824
120 86 90 5.1244
120 86 48 4.5264
120 86 12 3.7168
120 86 69 3.588
120 86 28 3.1556
120 86 52 8.924
120 86 7 3.036
120 86 27 2.99
120 86 51 5.1244
120 86 88 3.4132
120 86 83 4.3976
120 86 55 2.7324
120 86 38 4.784
120 86 86 4.738
120 86 13 3.2844
120 86 56 3.2844
120 86 95 4.4804
120 86 85 4.4436
120 86 37 4.6092
120 86 36 4.7012
120 89 36 5.0784
120 89 37 5.0416
120 89 85 4.8668
120 89 95 4.9128
120 89 56 3.6708
120 89 13 3.7168
120 89 86 1.5824
120 89 38 5.1704
120 89 55 3.1556
120 89 88 3.8456
120 89 83 4.784
120 89 35 2.99
120 89 51 5.5476
120 89 27 3.3764
120 89 7 3.4592
120 89 52 9.3564
120 89 28 3.542
120 89 69 3.9744
120 89 12 4.14
120 89 48 4.9496
120 89 90 5.5108
120 89 54 1.5824
120 89 9 5.2992
120 89 87 2.7324
120 89 14 3.3764
120 89 40 5.1244
120 89 11 4.6092
120 89 41 4.186
120 89 29 4.4804
120 89 39 3.3764
120 89 44 3.634
120 89 60 5.8052
120 89 42 3.8824
120 89 82 3.4592
120 89 43 2.6864
120 89 91 5.1704
120 89 80 4.784
120 89 84 4.784
120 89 81 4.784
120 89 57 1.5824
120 89 53 3.4592
120 89 26 1.5824
120 89 89 4.738
120 89 49 3.588
120 90 48 5.5476
120 90 54 5.8052
120 90 26 4.6552
120 90 57 4.8668
120 90 82 3.7536
120 90 85 3.4132
120 90 81 3.542
120 90 84 3.542
120 90 80 3.542
120 90 49 5.6396
120 90 51 6.1456
120 90 60 2.6496
120 90 42 4.4804
120 90 56 4.14
120 90 41 4.784
120 90 29 5.0784
120 90 11 5.2072
120 90 36 3.036
120 90 35 4.232
120 90 43 4.4436
120 90 39 3.8456
120 90 87 4.8668
120 90 90 4.738
120 90 40 5.7224
120 90 12 4.6092
120 90 91 2.6496
120 90 9 2.6496
120 90 69 4.3976
120 90 7 3.9284
120 90 28 4.0112
120 90 55 4.0572
120 90 52 6.3204
120 90 14 3.8456
120 90 27 3.8456
120 90 53 4.0112
120 90 83 3.542
120 90 44 4.0572
120 90 89 5.5108
120 90 38 2.6496
120 90 88 4.2688
120 90 86 5.1244
120 90 13 5.8052
120 90 95 3.3304
120 90 37 3.1188
120 87 37 4.3976
120 87 36 4.4436
120 87 44 2.99
120 87 13 1.5824
120 87 56 3.036
120 87 86 2.1804
120 87 38 4.5264
120 87 88 3.1556
120 87 55 2.346
120 87 83 4.14
120 87 95 4.2688
120 87 85 4.232
120 87 7 2.8152
120 87 27 2.7324
120 87 28 2.9072
120 87 69 3.3304
120 87 40 4.4804
120 87 12 3.5052
120 87 51 4.9128
120 87 48 4.3148
120 87 9 4.6552
120 87 54 3.0728
120 87 90 4.8668
120 87 87 4.738
120 87 14 2.7324
120 87 11 3.9744
120 87 29 3.8456
120 87 41 3.542
120 87 39 2.7324
120 87 60 5.1704
120 87 91 4.5264
120 87 82 2.8152
120 87 42 3.2476
120 87 80 4.14
120 87 84 4.14
120 87 43 1.5824
120 87 81 4.14
120 87 53 2.8152
120 87 57 1.5824
120 87 26 1.5824
120 87 35 2.0884
120 87 49 1.5824
120 87 89 2.7324
120 87 52 8.6664
120 88 54 4.1032
120 88 57 3.2016
120 88 26 2.944
120 88 81 3.542
120 88 80 3.542
120 88 84 3.542
120 88 53 1.748
120 88 82 2.0056
120 88 49 3.9744
120 88 39 1.8768
120 88 42 2.438
120 88 56 1.5824
120 88 60 4.5724
120 88 13 4.1032
120 88 41 2.8152
120 88 29 3.0728
120 88 11 3.2016
120 88 43 2.7324
120 88 91 3.9284
120 88 14 1.8768
120 88 87 3.1556
120 88 90 4.2688
120 88 48 3.542
120 88 40 3.7168
120 88 12 1.5824
120 88 9 4.0572
120 88 69 1.5824
120 88 28 1.5824
120 88 7 1.7112
120 88 52 8.0684
120 88 44 1.5824
120 88 27 1.8768
120 88 83 3.542
120 88 35 2.5208
120 88 89 3.8456
120 88 55 2.2632
120 88 51 4.14
120 88 38 3.9284
120 88 86 3.4132
120 88 88 4.738
120 88 36 3.8456
120 88 37 3.7996
120 88 95 3.6708
120 88 85 3.634
120 91 36 2.6496
120 91 37 2.6496
120 91 38 2.6496
120 91 56 3.7536
120 91 44 3.7168
120 91 86 4.738
120 91 88 3.9284
120 91 55 3.6708
120 91 83 2.99
120 91 35 3.8456
120 91 95 2.7784
120 91 85 2.8612
120 91 7 3.542
120 91 27 3.4592
120 91 28 3.634
120 91 12 4.232
120 91 69 4.0572
120 91 40 5.336
120 91 49 5.2992
120 91 51 5.7684
120 91 48 5.1704
120 91 9 2.6496
120 91 90 2.6496
120 91 54 5.428
120 91 87 4.5264
120 91 14 3.4592
120 91 11 4.83
120 91 41 4.3976
120 91 29 4.7012
120 91 13 5.428
120 91 39 3.4592
120 91 60 3.0728
120 91 91 4.738
120 91 82 3.3764
120 91 42 4.1032
120 91 80 2.99
120 91 84 2.99
120 91 81 2.99
120 91 43 4.1032
120 91 26 4.2688
120 91 57 4.5264
120 91 53 3.6708
120 91 52 6.578
120 91 89 5.1704
120 12 54 4.3976
120 12 55 2.6496
120 12 57 3.5052
120 12 26 3.2476
120 12 85 3.9284
120 12 81 3.8456
120 12 84 3.8456
120 12 80 3.8456
120 12 82 2.5208
120 12 53 2.2632
120 12 49 4.2688
120 12 56 1.5824
120 12 42 2.7784
120 12 39 2.392
120 12 60 4.8668
120 12 41 3.1188
120 12 29 3.3764
120 12 43 3.0728
120 12 11 3.542
120 12 14 2.392
120 12 87 3.5052
120 12 90 4.6092
120 12 40 4.0112
120 12 48 3.8456
120 12 91 4.232
120 12 12 4.738
120 12 9 4.3976
120 12 69 1.5824
120 12 7 2.2172
120 12 28 1.5824
120 12 52 8.4088
120 12 44 1.5824
120 12 27 2.392
120 12 83 3.8456
120 12 35 2.8152
120 12 89 4.14
120 12 51 4.4436
120 12 13 4.3976
120 12 38 4.2688
120 12 88 1.5824
120 12 86 3.7168
120 12 36 4.14
120 12 95 3.9744
120 12 37 4.1032
120 11 95 4.5724
120 11 36 4.738
120 11 37 4.7012
120 11 39 3.036
120 11 38 4.8668
120 11 44 3.036
120 11 56 3.0728
120 11 86 4.186
120 11 88 3.2016
120 11 55 3.1188
120 11 83 4.4804
120 11 35 3.2844
120 11 85 4.5264
120 11 7 2.99
120 11 27 3.036
120 11 28 2.99
120 11 12 3.542
120 11 69 3.3304
120 11 49 4.738
120 11 40 1.5824
120 11 48 1.5824
120 11 51 1.5824
120 11 90 5.2072
120 11 9 4.9956
120 11 54 4.8668
120 11 87 3.9744
120 11 14 3.036
120 11 11 4.738
120 11 29 1.5824
120 11 41 1.5824
120 11 13 4.8668
120 11 60 5.4648
120 11 91 4.83
120 11 82 3.1188
120 11 42 1.5824
120 11 80 4.4804
120 11 84 4.4804
120 11 81 4.4804
120 11 43 3.542
120 11 26 3.7168
120 11 53 2.8612
120 11 57 3.9744
120 11 89 4.6092
120 11 52 9.0068
120 14 89 3.3764
120 14 54 3.6708
120 14 53 1.5824
120 14 57 2.7324
120 14 26 2.346
120 14 81 2.8152
120 14 84 2.8152
120 14 80 2.8152
120 14 82 1.5824
120 14 43 2.0516
120 14 49 3.5052
120 14 13 3.634
120 14 60 4.1032
120 14 39 1.5824
120 14 42 2.0056
120 14 56 1.6192
120 14 44 1.5824
120 14 41 2.5208
120 14 11 3.036
120 14 29 2.9072
120 14 91 3.4592
120 14 86 2.99
120 14 36 3.3764
120 14 14 4.738
120 14 87 2.7324
120 14 90 3.8456
120 14 48 3.3304
120 14 40 3.5052
120 14 12 2.392
120 14 9 3.634
120 14 69 2.0884
120 14 28 1.5824
120 14 7 1.5824
120 14 52 7.6452
120 14 27 1.5824
120 14 83 2.8152
120 14 35 1.5824
120 14 55 1.5824
120 14 51 3.9284
120 14 88 1.8768
120 14 38 3.5052
120 14 85 2.99
120 14 95 3.0728
120 14 37 3.2844
120 13 37 5.2992
120 13 36 5.336
120 13 38 5.4648
120 13 86 3.2844
120 13 56 3.9284
120 13 44 3.8824
120 13 13 4.738
120 13 88 4.1032
120 13 55 3.4132
120 13 83 5.0784
120 13 85 5.1244
120 13 95 5.1704
120 13 7 3.7168
120 13 28 3.8456
120 13 27 3.634
120 13 69 4.232
120 13 12 4.3976
120 13 40 5.382
120 13 48 5.2072
120 13 51 5.8052
120 13 90 5.8052
120 13 54 3.9744
120 13 9 5.5936
120 13 87 1.5824
120 13 14 3.634
120 13 11 4.8668
120 13 41 4.4436
120 13 29 4.738
120 13 39 3.634
120 13 91 5.428
120 13 60 6.0628
120 13 82 3.7168
120 13 42 4.14
120 13 80 5.0784
120 13 81 5.0784
120 13 43 3.036
120 13 84 5.0784
120 13 26 1.5824
120 13 57 3.0728
120 13 53 3.7168
120 13 49 1.5824
120 13 35 3.2476
120 13 89 3.7168
120 13 52 9.6048
120 9 60 2.6496
120 9 48 5.336
120 9 54 5.5936
120 9 82 3.542
120 9 57 4.6552
120 9 26 4.4436
120 9 81 3.2476
120 9 85 3.0728
120 9 80 3.2476
120 9 84 3.2476
120 9 53 3.7996
120 9 49 5.428
120 9 42 4.2688
120 9 56 3.9284
120 9 41 4.5724
120 9 29 4.8668
120 9 11 4.9956
120 9 39 3.634
120 9 43 4.232
120 9 35 4.0112
120 9 87 4.6552
120 9 90 2.6496
120 9 40 5.5108
120 9 91 2.6496
120 9 12 4.3976
120 9 9 4.738
120 9 69 4.186
120 9 28 3.7996
120 9 55 3.8456
120 9 7 3.7168
120 9 14 3.634
120 9 52 6.3204
120 9 27 3.634
120 9 83 3.2476
120 9 44 3.8824
120 9 51 5.934
120 9 89 5.2992
120 9 13 5.5936
120 9 86 4.9128
120 9 88 4.0572
120 9 38 2.6496
120 9 36 2.6496
120 9 37 2.8152
120 9 95 2.99
120 48 95 4.9128
120 48 36 5.0784
120 48 37 5.0416
120 48 38 5.2072
120 48 44 3.3304
120 48 56 3.4132
120 48 86 4.5264
120 48 88 3.542
120 48 55 3.4592
120 48 83 4.83
120 48 35 3.634
120 48 85 4.8668
120 48 7 3.3304
120 48 28 3.3304
120 48 27 3.3304
120 48 12 3.8456
120 48 69 3.6708
120 48 49 5.0784
120 48 40 1.5824
120 48 51 1.5824
120 48 48 4.738
120 48 9 5.336
120 48 90 5.5476
120 48 54 5.2072
120 48 87 4.3148
120 48 14 3.3304
120 48 11 1.5824
120 48 29 1.5824
120 48 41 1.5824
120 48 39 3.3304
120 48 13 5.2072
120 48 60 5.8052
120 48 91 5.1704
120 48 82 3.4592
120 48 42 1.5824
120 48 80 4.83
120 48 81 4.83
120 48 84 4.83
120 48 43 3.8824
120 48 26 4.0572
120 48 53 3.2016
120 48 57 4.3148
120 48 52 9.3564
120 48 89 4.9496
120 7 89 3.4592
120 7 54 3.7168
120 7 57 2.8152
120 7 53 1.5824
120 7 26 2.5208
120 7 81 2.99
120 7 84 2.99
120 7 80 2.99
120 7 82 1.5824
120 7 49 3.588
120 7 13 3.7168
120 7 51 3.9284
120 7 60 4.186
120 7 44 1.5824
120 7 56 1.5824
120 7 42 1.5824
120 7 39 1.5824
120 7 41 2.392
120 7 29 2.8152
120 7 91 3.542
120 7 11 2.99
120 7 43 2.2172
120 7 14 1.5824
120 7 86 3.036
120 7 36 3.4592
120 7 87 2.8152
120 7 90 3.9284
120 7 40 3.5052
120 7 48 3.3304
120 7 9 3.7168
120 7 12 2.2172
120 7 69 1.9228
120 7 28 1.5824
120 7 7 4.738
120 7 52 7.728
120 7 27 1.5824
120 7 83 2.99
120 7 35 1.84
120 7 55 1.5824
120 7 88 1.7112
120 7 38 3.588
120 7 95 3.2476
120 7 85 3.1556
120 7 37 3.4132
120 54 37 5.2992
120 54 85 5.1244
120 54 36 5.382
120 54 38 5.4648
120 54 86 1.5824
120 54 56 3.9284
120 54 13 3.9744
120 54 88 4.1032
120 54 55 3.4592
120 54 83 5.0784
120 54 27 3.6708
120 54 95 5.1704
120 54 52 9.6048
120 54 7 3.7168
120 54 28 3.8456
120 54 69 4.2688
120 54 12 4.3976
120 54 40 5.382
120 54 51 5.8052
120 54 48 5.2072
120 54 90 5.8052
120 54 54 4.738
120 54 9 5.5936
120 54 87 3.0728
120 54 14 3.6708
120 54 11 4.8668
120 54 29 4.784
120 54 41 4.4804
120 54 39 3.6708
120 54 60 6.0628
120 54 44 3.9284
120 54 91 5.428
120 54 82 3.7536
120 54 42 4.14
120 54 80 5.0784
120 54 84 5.0784
120 54 81 5.0784
120 54 43 3.036
120 54 26 1.5824
120 54 57 1.5824
120 54 53 3.7168
120 54 35 3.2844
120 54 49 3.8456
120 54 89 1.5824
120 56 54 3.9284
120 56 26 2.7784
120 56 57 3.036
120 56 81 3.4132
120 56 84 3.4132
120 56 80 3.4132
120 56 82 1.748
120 56 53 1.5824
120 56 49 3.7996
120 56 13 3.9284
120 56 60 4.3976
120 56 51 3.9744
120 56 39 1.6192
120 56 42 2.1804
120 56 56 4.738
120 56 41 2.6496
120 56 29 2.944
120 56 43 2.6036
120 56 91 3.7536
120 56 11 3.0728
120 56 14 1.6192
120 56 87 3.036
120 56 90 4.14
120 56 48 3.4132
120 56 40 3.588
120 56 12 1.5824
120 56 9 3.9284
120 56 69 1.5824
120 56 28 1.5824
120 56 7 1.5824
120 56 52 7.9396
120 56 27 1.6192
120 56 44 1.5824
120 56 83 3.4132
120 56 35 2.2632
120 56 55 2.0056
120 56 89 3.6708
120 56 86 3.2844
120 56 88 1.5824
120 56 38 3.7996
120 56 36 3.6708
120 56 85 3.4592
120 56 95 3.5052
120 56 37 3.634
120 55 85 3.3304
120 55 37 3.542
120 55 38 3.7168
120 55 88 2.2632
120 55 55 4.738
120 55 51 4.0572
120 55 35 1.5824
120 55 95 3.4132
120 55 83 3.2016
120 55 52 7.8568
120 55 7 1.5824
120 55 27 1.5824
120 55 28 1.748
120 55 69 2.4748
120 55 12 2.6496
120 55 9 3.8456
120 55 48 3.4592
120 55 90 4.0572
120 55 87 2.346
120 55 14 1.5824
120 55 40 3.634
120 55 36 3.634
120 55 86 2.7324
120 55 11 3.1188
120 55 41 2.7324
120 55 29 3.036
120 55 56 2.0056
120 55 44 1.8768
120 55 39 1.5824
120 55 42 2.2632
120 55 13 3.4132
120 55 60 4.3148
120 55 49 3.2844
120 55 91 3.6708
120 55 43 1.5824
120 55 82 1.5824
120 55 80 3.2016
120 55 84 3.2016
120 55 81 3.2016
120 55 26 2.0056
120 55 57 2.346
120 55 53 1.6192
120 55 89 3.1556
120 55 54 3.4592
120 52 48 9.3564
120 52 54 9.6048
120 52 82 7.5624
120 52 26 8.4548
120 52 57 8.7124
120 52 85 7.3416
120 52 81 7.3876
120 52 84 7.3876
120 52 80 7.3876
120 52 53 7.8108
120 52 49 9.476
120 52 60 3.634
120 52 42 8.2892
120 52 56 7.9396
120 52 41 8.5836
120 52 29 8.8872
120 52 11 9.0068
120 52 35 8.0316
120 52 43 8.2432
120 52 39 7.6452
120 52 87 8.6664
120 52 14 7.6452
120 52 90 6.3204
120 52 40 9.522
120 52 12 8.4088
120 52 36 6.9184
120 52 91 6.578
120 52 69 8.2432
120 52 55 7.8568
120 52 9 6.3204
120 52 7 7.728
120 52 52 4.738
120 52 44 7.9028
120 52 27 7.6452
120 52 83 7.3876
120 52 51 9.9544
120 52 28 7.8108
120 52 89 9.3564
120 52 13 9.6048
120 52 86 8.924
120 52 88 8.0684
120 52 38 6.7436
120 52 95 7.2588
120 52 37 7.0472
120 53 95 3.4132
120 53 37 3.5052
120 53 36 3.588
120 53 38 3.6708
120 53 13 3.7168
120 53 88 1.748
120 53 56 1.5824
120 53 55 1.6192
120 53 86 3.036
120 53 35 1.8768
120 53 81 3.2016
120 53 57 2.8152
120 53 39 1.5824
120 53 83 3.2016
120 53 85 3.3304
120 53 90 4.0112
120 53 7 1.5824
120 53 28 1.5824
120 53 27 1.5824
120 53 69 1.9688
120 53 12 2.2632
120 53 40 3.3764
120 53 49 3.588
120 53 51 3.7996
120 53 48 3.2016
120 53 9 3.7996
120 53 87 2.8152
120 53 54 3.7168
120 53 14 1.5824
120 53 29 2.6496
120 53 41 2.2172
120 53 44 1.5824
120 53 60 4.2688
120 53 91 3.6708
120 53 42 1.5824
120 53 82 1.5824
120 53 80 3.2016
120 53 84 3.2016
120 53 26 2.5668
120 53 43 2.2632
120 53 53 4.738
120 53 11 2.8612
120 53 89 3.4592
120 53 52 7.8108
120 51 52 9.9544
120 51 89 5.5476
120 51 35 4.232
120 51 57 4.8668
120 51 53 3.7996
120 51 26 4.6552
120 51 84 5.382
120 51 43 4.4436
120 51 81 5.382
120 51 80 5.382
120 51 42 3.3304
120 51 82 4.0572
120 51 91 5.7684
120 51 60 6.4032
120 51 13 5.8052
120 51 39 3.9284
120 51 41 3.036
120 51 29 1.5824
120 51 11 1.5824
120 51 14 3.9284
120 51 87 4.9128
120 51 9 5.934
120 51 90 6.1456
120 51 54 5.8052
120 51 48 1.5824
120 51 51 4.738
120 51 49 5.6764
120 51 40 1.5824
120 51 12 4.4436
120 51 69 4.2688
120 51 27 3.9284
120 51 28 3.9284
120 51 7 3.9284
120 51 85 5.4648
120 51 95 5.5108
120 51 83 5.382
120 51 55 4.0572
120 51 88 4.14
120 51 56 3.9744
120 51 44 3.9284
120 51 86 5.1244
120 51 38 5.8052
120 51 36 5.6764
120 51 37 5.6396
120 40 37 5.2072
120 40 36 5.2532
120 40 38 5.382
120 40 44 3.5052
120 40 56 3.588
120 40 88 3.7168
120 40 55 3.634
120 40 86 4.7012
120 40 83 4.9496
120 40 35 3.7996
120 40 95 5.0784
120 40 85 5.0416
120 40 7 3.5052
120 40 28 3.5052
120 40 27 3.5052
120 40 69 3.8456
120 40 12 4.0112
120 40 40 4.738
120 40 49 5.2532
120 40 51 1.5824
120 40 48 1.5824
120 40 54 5.382
120 40 90 5.7224
120 40 9 5.5108
120 40 87 4.4804
120 40 14 3.5052
120 40 11 1.5824
120 40 29 1.5824
120 40 41 2.5208
120 40 39 3.5052
120 40 13 5.382
120 40 60 5.98
120 40 91 5.336
120 40 82 3.634
120 40 42 2.9072
120 40 43 4.0572
120 40 80 4.9496
120 40 81 4.9496
120 40 84 4.9496
120 40 26 4.232
120 40 53 3.3764
120 40 57 4.4436
120 40 89 5.1244
120 40 52 9.522
120 39 89 3.3764
120 39 54 3.6708
120 39 53 1.5824
120 39 57 2.7324
120 39 26 2.346
120 39 81 2.8152
120 39 80 2.8152
120 39 84 2.8152
120 39 82 1.5824
120 39 49 3.5052
120 39 43 2.0516
120 39 13 3.634
120 39 60 4.1032
120 39 39 4.738
120 39 42 2.0056
120 39 44 1.5824
120 39 56 1.6192
120 39 41 2.5208
120 39 11 3.036
120 39 29 2.9072
120 39 91 3.4592
120 39 86 2.99
120 39 36 3.3764
120 39 14 1.5824
120 39 87 2.7324
120 39 90 3.8456
120 39 48 3.3304
120 39 40 3.5052
120 39 12 2.392
120 39 69 2.0884
120 39 9 3.634
120 39 28 1.5824
120 39 7 1.5824
120 39 52 7.6452
120 39 95 3.0728
120 39 27 1.5824
120 39 83 2.8152
120 39 51 3.9284
120 39 35 1.5824
120 39 55 1.5824
120 39 88 1.8768
120 39 38 3.5052
120 39 37 3.2844
120 39 85 2.99
120 43 85 3.7996
120 43 37 3.9744
120 43 38 4.1032
120 43 88 2.7324
120 43 13 3.036
120 43 55 1.5824
120 43 90 4.4436
120 43 35 1.5824
120 43 51 4.4436
120 43 83 3.7168
120 43 27 2.0516
120 43 95 3.8456
120 43 7 2.2172
120 43 28 2.438
120 43 69 2.9072
120 43 12 3.0728
120 43 48 3.8824
120 43 9 4.232
120 43 87 1.5824
120 43 54 3.036
120 43 36 4.0112
120 43 40 4.0572
120 43 86 2.0884
120 43 14 2.0516
120 43 11 3.542
120 43 41 3.1188
120 43 29 3.4132
120 43 56 2.6036
120 43 39 2.0516
120 43 42 2.8152
120 43 44 2.5668
120 43 49 2.9072
120 43 91 4.1032
120 43 60 4.738
120 43 82 2.1804
120 43 43 4.738
120 43 80 3.7168
120 43 81 3.7168
120 43 84 3.7168
120 43 26 1.5824
120 43 53 2.2632
120 43 57 1.5824
120 43 89 2.6864
120 43 52 8.2432
120 41 52 8.5836
120 41 89 4.186
120 41 57 3.542
120 41 11 1.5824
120 41 53 2.2172
120 41 26 3.3304
120 41 43 3.1188
120 41 84 4.0572
120 41 80 4.0572
120 41 42 1.5824
120 41 82 2.6864
120 41 60 5.0416
120 41 91 4.3976
120 41 44 2.5668
120 41 13 4.4436
120 41 29 1.5824
120 41 41 4.738
120 41 14 2.5208
120 41 54 4.4804
120 41 87 3.542
120 41 51 3.036
120 41 48 1.5824
120 41 90 4.784
120 41 9 4.5724
120 41 49 4.3148
120 41 40 2.5208
120 41 12 3.1188
120 41 69 2.944
120 41 28 2.438
120 41 27 2.5208
120 41 7 2.392
120 41 83 4.0572
120 41 35 2.8612
120 41 81 4.0572
120 41 86 3.7996
120 41 55 2.7324
120 41 88 2.8152
120 41 39 2.5208
120 41 56 2.6496
120 41 38 4.4436
120 41 37 4.2688
120 41 36 4.3516
120 41 85 4.1032
120 41 95 4.14
120 42 95 3.8456
120 42 36 4.0112
120 42 37 3.9744
120 42 38 4.14
120 42 56 2.1804
120 42 88 2.438
120 42 55 2.2632
120 42 86 3.4592
120 42 81 3.7536
120 42 35 2.5668
120 42 83 3.7536
120 42 85 3.7996
120 42 39 2.0056
120 42 7 1.5824
120 42 27 2.0056
120 42 28 1.9228
120 42 69 2.6496
120 42 12 2.7784
120 42 40 2.9072
120 42 49 4.0112
120 42 9 4.2688
120 42 90 4.4804
120 42 48 1.5824
120 42 51 3.3304
120 42 87 3.2476
120 42 54 4.14
120 42 14 2.0056
120 42 41 1.5824
120 42 29 1.5824
120 42 13 4.14
120 42 44 2.0516
120 42 91 4.1032
120 42 60 4.738
120 42 82 2.1804
120 42 42 4.738
120 42 80 3.7536
120 42 84 3.7536
120 42 43 2.8152
120 42 26 2.99
120 42 53 1.5824
120 42 11 1.5824
120 42 57 3.2016
120 42 52 8.2892
120 42 89 3.8824
120 44 54 3.9284
120 44 53 1.5824
120 44 57 2.99
120 44 26 2.7784
120 44 81 3.3304
120 44 86 3.2476
120 44 84 3.3304
120 44 80 3.3304
120 44 82 1.6652
120 44 49 3.7536
120 44 13 3.8824
120 44 60 4.3516
120 44 51 3.9284
120 44 42 2.0516
120 44 39 1.5824
120 44 56 1.5824
120 44 41 2.5668
120 44 29 2.9072
120 44 91 3.7168
120 44 43 2.5668
120 44 11 3.036
120 44 36 3.634
120 44 87 2.99
120 44 14 1.5824
120 44 40 3.5052
120 44 48 3.3304
120 44 90 4.0572
120 44 12 1.5824
120 44 69 1.5824
120 44 9 3.8824
120 44 28 1.5824
120 44 7 1.5824
120 44 52 7.9028
120 44 27 1.5824
120 44 83 3.3304
120 44 35 2.1344
120 44 55 1.8768
120 44 89 3.634
120 44 44 4.738
120 44 38 3.7536
120 44 88 1.5824
120 44 37 3.588
120 44 95 3.4592
120 44 85 3.4132
120 29 85 4.3976
120 29 95 4.4436
120 29 37 4.5724
120 29 36 4.6552
120 29 39 2.9072
120 29 38 4.738
120 29 56 2.944
120 29 88 3.0728
120 29 55 3.036
120 29 86 4.1032
120 29 83 4.3516
120 29 35 3.1556
120 29 81 4.3516
120 29 7 2.8152
120 29 27 2.9072
120 29 28 2.8152
120 29 69 3.2476
120 29 12 3.3764
120 29 40 1.5824
120 29 49 4.6092
120 29 9 4.8668
120 29 90 5.0784
120 29 48 1.5824
120 29 51 1.5824
120 29 87 3.8456
120 29 54 4.784
120 29 14 2.9072
120 29 41 1.5824
120 29 29 4.738
120 29 13 4.738
120 29 44 2.9072
120 29 60 5.336
120 29 91 4.7012
120 29 11 1.5824
120 29 82 2.99
120 29 42 1.5824
120 29 80 4.3516
120 29 84 4.3516
120 29 43 3.4132
120 29 26 3.588
120 29 57 3.8456
120 29 53 2.6496
120 29 52 8.8872
120 29 89 4.4804
120 28 89 3.542
120 28 54 3.8456
120 28 53 1.5824
120 28 57 2.9072
120 28 26 2.6864
120 28 81 3.2016
120 28 84 3.2016
120 28 80 3.2016
120 28 82 1.5824
120 28 49 3.6708
120 28 13 3.8456
120 28 51 3.9284
120 28 60 4.2688
120 28 56 1.5824
120 28 39 1.5824
120 28 42 1.9228
120 28 41 2.438
120 28 11 2.99
120 28 43 2.438
120 28 91 3.634
120 28 29 2.8152
120 28 36 3.588
120 28 86 3.1556
120 28 87 2.9072
120 28 14 1.5824
120 28 40 3.5052
120 28 48 3.3304
120 28 90 4.0112
120 28 12 1.5824
120 28 69 1.5824
120 28 9 3.7996
120 28 28 4.738
120 28 7 1.5824
120 28 52 7.8108
120 28 83 3.2016
120 28 27 1.5824
120 28 35 2.0056
120 28 55 1.748
120 28 44 1.5824
120 28 38 3.6708
120 28 88 1.5824
120 28 95 3.3764
120 28 85 3.3304
120 28 37 3.5052
120 27 37 3.2844
120 27 85 2.99
120 27 38 3.5052
120 27 88 1.8768
120 27 55 1.5824
120 27 35 1.5824
120 27 51 3.9284
120 27 27 4.738
120 27 95 3.0728
120 27 83 2.8152
120 27 52 7.6452
120 27 7 1.5824
120 27 28 1.5824
120 27 9 3.634
120 27 69 2.0884
120 27 12 2.392
120 27 90 3.8456
120 27 48 3.3304
120 27 14 1.5824
120 27 87 2.7324
120 27 86 2.99
120 27 36 3.3764
120 27 40 3.5052
120 27 29 2.9072
120 27 11 3.036
120 27 91 3.4592
120 27 41 2.5208
120 27 42 2.0056
120 27 39 1.5824
120 27 56 1.6192
120 27 44 1.5824
120 27 60 4.1032
120 27 13 3.634
120 27 43 2.0516
120 27 49 3.5052
120 27 82 1.5824
120 27 80 2.8152
120 27 84 2.8152
120 27 81 2.8152
120 27 26 2.346
120 27 57 2.7324
120 27 53 1.5824
120 27 54 3.6708
120 27 89 3.3764
120 26 89 1.5824
120 26 52 8.4548
120 26 35 1.5824
120 26 49 1.5824
120 26 53 2.5668
120 26 57 1.5824
120 26 26 4.738
120 26 81 3.9284
120 26 84 3.9284
120 26 80 3.9284
120 26 82 2.5208
120 26 43 1.5824
120 26 91 4.2688
120 26 60 4.9128
120 26 44 2.7784
120 26 39 2.346
120 26 42 2.99
120 26 41 3.3304
120 26 29 3.588
120 26 11 3.7168
120 26 14 2.346
120 26 36 4.186
120 26 40 4.232
120 26 86 1.5824
120 26 87 1.5824
120 26 54 1.5824
120 26 48 4.0572
120 26 9 4.4436
120 26 90 4.6552
120 26 12 3.2476
120 26 69 3.0728
120 26 28 2.6864
120 26 7 2.5208
120 26 51 4.6552
120 26 83 3.9284
120 26 95 4.0112
120 26 27 2.346
120 26 55 2.0056
120 26 88 2.944
120 26 56 2.7784
120 26 13 1.5824
120 26 38 4.3148
120 26 85 3.9744
120 26 37 4.14
133 19 21 7.4704
133 19 20 3.8456
133 19 21 3.8456
133 19 20 7.4704
133 21 19 7.4704
133 21 19 3.8456
133 21 20 6.6148
133 21 21 2.99
133 21 20 10.4604
133 21 21 3.8456
133 20 20 2.99
133 20 19 3.8456
133 20 21 10.4604
133 20 19 7.4704
133 20 21 6.6148
133 20 20 3.8456
130 68 63 11.1044
130 68 67 4.2688
130 68 66 5.98
130 68 65 7.6912
130 68 64 9.3932
130 68 68 2.5668
130 67 67 2.5668
130 67 66 4.2688
130 67 64 7.6912
130 67 65 5.98
130 67 63 9.3932
130 67 68 4.2688
130 66 68 5.98
130 66 63 7.6912
130 66 65 4.2688
130 66 64 5.98
130 66 67 4.2688
130 66 66 2.5668
130 65 63 5.98
130 65 67 5.98
130 65 65 2.5668
130 65 64 4.2688
130 65 66 4.2688
130 65 68 7.6912
130 64 68 9.3932
130 64 66 5.98
130 64 65 4.2688
130 64 64 2.5668
130 64 63 4.2688
130 64 67 7.6912
130 63 68 11.1044
130 63 67 9.3932
130 63 63 2.5668
130 63 66 7.6912
130 63 64 4.2688
130 63 65 5.98
82 10 10 1.794
82 10 8 3.588
82 8 8 1.794
82 8 10 3.588
92 72 71 5.7684
92 72 70 3.2016
92 72 75 3.2016
92 72 73 5.7684
92 72 76 4.0572
92 72 74 5.7684
52 71 70 3.2016
52 71 75 5.7684
52 71 74 3.2016
52 71 73 2.346
52 71 76 2.346
52 71 72 5.7684
92 70 71 3.2016
52 70 71 2.9716
92 70 72 3.2016
52 70 72 2.9716
92 70 75 4.9128
52 70 75 4.5632
92 70 74 4.9128
52 70 74 4.5632
92 70 73 4.0572
52 70 73 3.7628
92 70 76 2.346
52 70 76 2.1804
92 70 70 1.2788
52 70 70 1.1868
92 75 74 5.7684
92 75 73 5.7684
92 75 76 5.7684
92 75 70 4.9128
92 75 72 3.2016
92 75 71 5.7684
52 74 71 3.2016
52 74 72 5.7684
52 74 70 4.9128
52 74 75 5.7684
52 74 73 2.346
52 74 76 4.0572
52 73 75 5.7684
52 73 74 2.346
52 73 76 3.2016
52 73 70 4.0572
52 73 71 2.346
52 73 72 5.7684
92 76 72 4.0572
52 76 72 3.7628
92 76 71 2.346
52 76 71 2.1804
92 76 70 2.346
52 76 70 2.1804
92 76 75 5.7684
52 76 75 5.3544
92 76 74 4.0572
52 76 74 3.7628
92 76 73 3.2016
52 76 73 2.9716
101 79 77 8.1144
101 77 78 8.7584
101 77 79 8.1144
101 78 77 8.7584
52 46 47 5.1244
52 46 45 5.1244
52 45 47 1.4904
52 45 46 5.1244
52 47 47 1.4904
52 47 45 1.4904
52 47 46 5.1244
80 61 62 4.2688
24 61 62 3.9652
80 61 62 3.4132
24 61 62 3.174
80 62 62 1.7112
24 62 62 1.5824
80 62 61 1.7112
24 62 61 1.5824
80 62 62 1.7112
24 62 62 1.5824
80 62 61 1.7112
24 62 61 1.5824
60 50 92 4.7012
60 50 94 4.7012
60 50 50 4.7012
60 50 93 4.7012
60 92 92 1.2788
60 92 94 1.2788
60 92 93 1.2788
60 92 92 1.2788
60 92 94 1.2788
60 92 93 1.2788
60 92 92 4.7012
60 92 94 4.7012
60 92 50 4.7012
60 92 93 2.7784
60 94 92 4.7012
60 94 94 4.7012
60 94 50 4.7012
60 94 93 4.7012
60 94 92 1.2788
60 94 92 1.2788
60 94 94 1.2788
60 94 93 1.2788
60 94 94 1.2788
60 94 93 1.2788
60 93 94 1.2788
60 93 92 1.2788
60 93 94 4.7012
60 93 92 2.7784
60 93 50 4.7012
60 93 93 4.7012
60 93 93 2.5668
60 93 1 2.5668
60 93 94 1.2788
60 93 92 1.2788
60 93 93 1.2788
60 93 93 1.2788
60 1 1 2.5668
60 1 93 2.5668
