30 58 59 2.83452
30 58 58 1.41726
30 59 59 1.41726
30 59 58 2.83452
131 30 16 10.79298
131 30 25 8.096552
131 30 18 5.400124
131 30 32 4.7242
131 30 24 5.400124
131 30 17 6.410376
131 30 33 7.420628
131 30 31 9.4484
131 30 34 10.79298
131 30 15 12.144828
131 32 30 4.7242
131 32 15 12.144828
131 32 34 10.79298
131 32 31 8.772476
131 32 33 7.420628
131 32 17 5.734452
131 32 24 4.382604
131 32 18 5.734452
131 32 25 8.096552
131 32 16 10.79298
131 31 16 16.869028
131 31 25 12.820752
131 31 18 10.124324
131 31 32 8.772476
131 31 24 8.096552
131 31 17 7.420628
131 31 30 9.4484
131 31 33 6.410376
131 31 15 7.420628
131 31 34 6.410376
131 34 15 5.400124
131 34 31 6.410376
131 34 33 8.096552
131 34 30 10.79298
131 34 17 9.4484
131 34 24 10.124324
131 34 32 10.79298
131 34 18 12.144828
131 34 25 14.841256
131 34 16 18.220876
131 33 16 14.841256
131 33 25 10.79298
131 33 18 8.096552
131 33 32 7.420628
131 33 24 6.410376
131 33 17 5.400124
131 33 30 7.420628
131 33 31 6.410376
131 33 34 8.096552
131 33 15 9.4484
131 25 18 7.420628
131 25 30 8.096552
131 25 16 7.420628
131 25 32 8.096552
131 25 24 8.772476
131 25 17 10.124324
131 25 33 10.79298
131 25 31 12.820752
131 25 34 14.841256
131 25 15 16.869028
131 24 16 12.144828
131 24 25 8.772476
131 24 18 6.410376
131 24 32 4.382604
131 24 17 4.7242
131 24 33 6.410376
131 24 31 8.096552
131 24 34 10.124324
131 24 15 10.79298
131 24 30 5.400124
131 17 30 6.410376
131 17 15 10.124324
131 17 34 9.4484
131 17 31 7.420628
131 17 33 5.400124
131 17 32 5.734452
131 17 24 4.7242
131 17 18 7.420628
131 17 25 10.124324
131 17 16 12.144828
131 18 16 10.124324
131 18 15 12.820752
131 18 34 12.144828
131 18 31 10.124324
131 18 33 8.096552
131 18 17 7.420628
131 18 24 6.410376
131 18 32 5.734452
131 18 30 5.400124
131 18 25 7.420628
131 15 18 12.820752
131 15 32 12.144828
131 15 24 10.79298
131 15 31 7.420628
131 15 17 10.124324
131 15 30 12.144828
131 15 33 9.4484
131 15 34 5.400124
131 15 16 19.565456
131 15 25 16.869028
131 16 25 7.420628
131 16 32 10.79298
131 16 24 12.144828
131 16 17 12.144828
131 16 33 14.841256
131 16 31 16.869028
131 16 34 18.220876
131 16 15 19.565456
131 16 18 10.124324
131 16 30 10.79298
120 80 37 1.250096
120 80 95 1.250096
120 80 38 2.122256
120 80 56 2.696428
120 80 13 4.011936
120 80 36 1.279168
120 80 86 3.474104
120 80 55 2.529264
120 80 35 2.732768
120 80 57 3.2706
120 80 81 1.250096
120 80 83 1.250096
120 80 85 1.250096
120 80 39 2.224008
120 80 27 2.224008
120 80 28 2.529264
120 80 7 2.3621
120 80 90 2.79818
120 80 40 3.910184
120 80 49 3.881112
120 80 12 3.038024
120 80 69 2.899932
120 80 51 4.25178
120 80 48 3.8157
120 80 9 2.565604
120 80 54 4.011936
120 80 87 3.2706
120 80 14 2.224008
120 80 29 3.437764
120 80 41 3.205188
120 80 88 2.79818
120 80 44 2.631016
120 80 60 3.038024
120 80 91 2.3621
120 80 42 2.965344
120 80 82 2.093184
120 80 80 3.74302
120 80 84 1.250096
120 80 43 2.936272
120 80 26 3.103436
120 80 11 3.539516
120 80 53 2.529264
120 80 52 5.836204
120 80 89 3.77936
120 81 89 3.77936
120 81 52 5.836204
120 81 53 2.529264
120 81 26 3.103436
120 81 43 2.936272
120 81 84 1.250096
120 81 83 1.250096
120 81 80 1.250096
120 81 82 2.093184
120 81 42 2.965344
120 81 60 3.038024
120 81 44 2.631016
120 81 13 4.011936
120 81 88 2.79818
120 81 41 3.205188
120 81 29 3.437764
120 81 91 2.3621
120 81 11 3.539516
120 81 14 2.224008
120 81 87 3.2706
120 81 54 4.011936
120 81 9 2.565604
120 81 48 3.8157
120 81 51 4.25178
120 81 69 2.899932
120 81 12 3.038024
120 81 49 3.881112
120 81 40 3.910184
120 81 90 2.79818
120 81 7 2.3621
120 81 28 2.529264
120 81 27 2.224008
120 81 39 2.224008
120 81 85 1.250096
120 81 57 3.2706
120 81 81 3.74302
120 81 35 2.732768
120 81 55 2.529264
120 81 86 3.474104
120 81 56 2.696428
120 81 38 2.122256
120 81 95 1.250096
120 81 37 1.250096
120 81 36 1.279168
120 82 37 2.463852
120 82 95 2.296688
120 82 38 2.696428
120 82 36 2.565604
120 82 56 1.38092
120 82 13 2.936272
120 82 55 1.250096
120 82 86 2.427512
120 82 35 1.41726
120 82 57 2.224008
120 82 81 2.093184
120 82 83 2.093184
120 82 85 2.260348
120 82 39 1.250096
120 82 27 1.250096
120 82 28 1.250096
120 82 7 1.250096
120 82 90 2.965344
120 82 40 2.87086
120 82 49 2.83452
120 82 12 1.991432
120 82 69 1.751588
120 82 51 3.205188
120 82 48 2.732768
120 82 9 2.79818
120 82 54 2.965344
120 82 87 2.224008
120 82 14 1.250096
120 82 91 2.667356
120 82 29 2.3621
120 82 41 2.122256
120 82 88 1.584424
120 82 44 1.315508
120 82 60 3.168848
120 82 42 1.722516
120 82 82 3.74302
120 82 80 2.093184
120 82 84 2.093184
120 82 43 1.722516
120 82 26 1.991432
120 82 53 1.250096
120 82 11 2.463852
120 82 52 5.974296
120 82 89 2.732768
120 83 89 3.77936
120 83 52 5.836204
120 83 53 2.529264
120 83 26 3.103436
120 83 43 2.936272
120 83 84 1.250096
120 83 83 3.74302
120 83 80 1.250096
120 83 82 2.093184
120 83 42 2.965344
120 83 60 3.038024
120 83 91 2.3621
120 83 44 2.631016
120 83 13 4.011936
120 83 57 3.2706
120 83 88 2.79818
120 83 41 3.205188
120 83 29 3.437764
120 83 11 3.539516
120 83 14 2.224008
120 83 87 3.2706
120 83 54 4.011936
120 83 9 2.565604
120 83 48 3.8157
120 83 51 4.25178
120 83 69 2.899932
120 83 12 3.038024
120 83 49 3.881112
120 83 40 3.910184
120 83 90 2.79818
120 83 7 2.3621
120 83 28 2.529264
120 83 27 2.224008
120 83 39 2.224008
120 83 85 1.250096
120 83 81 1.250096
120 83 35 2.732768
120 83 55 2.529264
120 83 86 3.474104
120 83 56 2.696428
120 83 38 2.122256
120 83 95 1.250096
120 83 37 1.250096
120 83 36 1.279168
120 84 37 1.250096
120 84 95 1.250096
120 84 38 2.122256
120 84 36 1.279168
120 84 56 2.696428
120 84 86 3.474104
120 84 55 2.529264
120 84 35 2.732768
120 84 57 3.2706
120 84 81 1.250096
120 84 85 1.250096
120 84 39 2.224008
120 84 27 2.224008
120 84 28 2.529264
120 84 90 2.79818
120 84 7 2.3621
120 84 40 3.910184
120 84 49 3.881112
120 84 12 3.038024
120 84 69 2.899932
120 84 51 4.25178
120 84 48 3.8157
120 84 9 2.565604
120 84 54 4.011936
120 84 87 3.2706
120 84 14 2.224008
120 84 91 2.3621
120 84 29 3.437764
120 84 41 3.205188
120 84 88 2.79818
120 84 13 4.011936
120 84 44 2.631016
120 84 60 3.038024
120 84 42 2.965344
120 84 82 2.093184
120 84 80 1.250096
120 84 84 3.74302
120 84 43 2.936272
120 84 26 3.103436
120 84 53 2.529264
120 84 83 1.250096
120 84 11 3.539516
120 84 52 5.836204
120 84 89 3.77936
120 85 89 3.844772
120 85 53 2.631016
120 85 83 1.250096
120 85 38 1.991432
120 85 52 5.799864
120 85 26 3.139776
120 85 43 3.001684
120 85 84 1.250096
120 85 80 1.250096
120 85 82 2.260348
120 85 42 3.001684
120 85 60 3.001684
120 85 91 2.260348
120 85 44 2.696428
120 85 57 3.34328
120 85 13 4.048276
120 85 88 2.87086
120 85 41 3.241528
120 85 29 3.474104
120 85 48 3.844772
120 85 11 3.575856
120 85 14 2.3621
120 85 55 2.631016
120 85 87 3.34328
120 85 54 4.048276
120 85 9 2.427512
120 85 51 4.317192
120 85 69 2.965344
120 85 12 3.103436
120 85 49 3.946524
120 85 40 3.982864
120 85 90 2.696428
120 85 7 2.492924
120 85 28 2.631016
120 85 27 2.3621
120 85 39 2.3621
120 85 85 3.74302
120 85 81 1.250096
120 85 35 2.79818
120 85 86 3.510444
120 85 56 2.732768
120 85 95 1.250096
120 85 37 1.250096
120 85 36 1.250096
120 60 37 2.79818
120 60 95 2.965344
120 60 13 4.789612
120 60 38 2.565604
120 60 86 4.25178
120 60 88 3.612196
120 60 89 4.586108
120 60 83 3.038024
120 60 44 3.437764
120 60 27 3.241528
120 60 28 3.372352
120 60 7 3.30694
120 60 52 2.87086
120 60 91 2.427512
120 60 12 3.844772
120 60 69 3.713948
120 60 55 3.408692
120 60 9 2.093184
120 60 40 4.7242
120 60 90 2.093184
120 60 48 4.586108
120 60 87 4.084616
120 60 14 3.241528
120 60 35 3.539516
120 60 36 2.732768
120 60 39 3.241528
120 60 29 4.21544
120 60 11 4.317192
120 60 43 3.74302
120 60 41 3.982864
120 60 56 3.474104
120 60 42 3.74302
120 60 51 5.058528
120 60 60 3.74302
120 60 49 4.68786
120 60 53 3.372352
120 60 82 3.168848
120 60 80 3.038024
120 60 84 3.038024
120 60 81 3.038024
120 60 85 3.001684
120 60 26 3.881112
120 60 57 4.084616
120 60 54 4.789612
120 57 35 1.649836
120 57 49 2.32576
120 57 89 1.250096
120 57 26 1.250096
120 57 57 3.74302
120 57 53 2.224008
120 57 81 3.2706
120 57 84 3.2706
120 57 80 3.2706
120 57 82 2.224008
120 57 42 2.529264
120 57 43 1.250096
120 57 91 3.575856
120 57 60 4.084616
120 57 44 2.3621
120 57 39 2.158596
120 57 29 3.038024
120 57 41 2.79818
120 57 11 3.139776
120 57 14 2.158596
120 57 40 3.510444
120 57 36 3.510444
120 57 87 1.250096
120 57 54 1.250096
120 57 90 3.844772
120 57 48 3.408692
120 57 9 3.677608
120 57 69 2.631016
120 57 12 2.769108
120 57 52 6.882796
120 57 51 3.844772
120 57 7 2.224008
120 57 28 2.296688
120 57 27 2.158596
120 57 95 3.372352
120 57 83 3.2706
120 57 55 1.85334
120 57 88 2.529264
120 57 86 1.250096
120 57 38 3.575856
120 57 13 2.427512
120 57 56 2.39844
120 57 85 3.34328
120 57 37 3.437764
120 69 37 3.103436
120 69 95 3.001684
120 69 38 3.205188
120 69 86 2.83452
120 69 88 1.250096
120 69 35 2.093184
120 69 89 3.139776
120 69 51 3.372352
120 69 83 2.899932
120 69 27 1.649836
120 69 44 1.250096
120 69 28 1.250096
120 69 7 1.519012
120 69 52 6.512128
120 69 12 1.250096
120 69 91 3.205188
120 69 9 3.30694
120 69 69 3.74302
120 69 40 3.038024
120 69 48 2.899932
120 69 90 3.474104
120 69 14 1.649836
120 69 87 2.631016
120 69 36 3.139776
120 69 29 2.565604
120 69 43 2.296688
120 69 11 2.631016
120 69 41 2.32576
120 69 39 1.649836
120 69 42 2.093184
120 69 56 1.250096
120 69 13 3.34328
120 69 60 3.713948
120 69 49 3.241528
120 69 53 1.555352
120 69 82 1.751588
120 69 80 2.899932
120 69 84 2.899932
120 69 85 2.965344
120 69 81 2.899932
120 69 26 2.427512
120 69 57 2.631016
120 69 55 1.955092
120 69 54 3.372352
120 95 89 3.881112
120 95 52 5.734452
120 95 26 3.168848
120 95 43 3.038024
120 95 53 2.696428
120 95 84 1.250096
120 95 83 1.250096
120 95 80 1.250096
120 95 82 2.296688
120 95 42 3.038024
120 95 60 2.965344
120 95 91 2.194936
120 95 57 3.372352
120 95 44 2.732768
120 95 88 2.899932
120 95 41 3.2706
120 95 29 3.510444
120 95 48 3.881112
120 95 11 3.612196
120 95 14 2.427512
120 95 54 4.084616
120 95 87 3.372352
120 95 38 1.991432
120 95 9 2.3621
120 95 51 4.353532
120 95 12 3.139776
120 95 40 4.011936
120 95 49 3.982864
120 95 90 2.631016
120 95 7 2.565604
120 95 27 2.427512
120 95 28 2.667356
120 95 39 2.427512
120 95 85 1.250096
120 95 35 2.83452
120 95 81 1.250096
120 95 13 4.084616
120 95 86 3.539516
120 95 55 2.696428
120 95 69 3.001684
120 95 56 2.769108
120 95 95 3.74302
120 95 37 1.250096
120 95 36 1.250096
120 36 37 1.250096
120 36 95 1.250096
120 36 85 1.250096
120 36 56 2.899932
120 36 87 3.510444
120 36 69 3.139776
120 36 36 3.74302
120 36 55 2.87086
120 36 86 3.713948
120 36 35 2.965344
120 36 81 1.279168
120 36 39 2.667356
120 36 28 2.83452
120 36 27 2.667356
120 36 90 2.39844
120 36 7 2.732768
120 36 49 4.113688
120 36 40 4.150028
120 36 12 3.2706
120 36 51 4.484356
120 36 9 2.093184
120 36 38 1.991432
120 36 54 4.25178
120 36 14 2.667356
120 36 11 3.74302
120 36 48 4.011936
120 36 29 3.677608
120 36 88 3.038024
120 36 41 3.437764
120 36 44 2.87086
120 36 57 3.510444
120 36 13 4.21544
120 36 60 2.732768
120 36 82 2.565604
120 36 80 1.279168
120 36 91 2.093184
120 36 83 1.279168
120 36 84 1.279168
120 36 53 2.83452
120 36 42 3.168848
120 36 43 3.168848
120 36 26 3.30694
120 36 52 5.465536
120 36 89 4.011936
120 35 49 2.463852
120 35 28 1.584424
120 35 52 6.344964
120 35 89 2.3621
120 35 26 1.250096
120 35 53 1.482672
120 35 57 1.649836
120 35 84 2.732768
120 35 81 2.732768
120 35 80 2.732768
120 35 60 3.539516
120 35 91 3.038024
120 35 43 1.250096
120 35 82 1.41726
120 35 13 2.565604
120 35 44 1.686176
120 35 42 2.027772
120 35 39 1.250096
120 35 56 1.787928
120 35 29 2.492924
120 35 41 2.260348
120 35 11 2.594676
120 35 14 1.250096
120 35 36 2.965344
120 35 40 3.001684
120 35 86 1.955092
120 35 87 1.649836
120 35 54 2.594676
120 35 90 3.34328
120 35 9 3.168848
120 35 48 2.87086
120 35 69 2.093184
120 35 12 2.224008
120 35 7 1.4536
120 35 27 1.250096
120 35 95 2.83452
120 35 83 2.732768
120 35 51 3.34328
120 35 35 3.74302
120 35 55 1.250096
120 35 38 3.067096
120 35 88 1.991432
120 35 85 2.79818
120 35 37 2.936272
120 38 37 1.991432
120 38 85 1.991432
120 38 95 1.991432
120 38 87 3.575856
120 38 56 3.001684
120 38 36 1.991432
120 38 69 3.205188
120 38 86 3.77936
120 38 81 2.122256
120 38 35 3.067096
120 38 39 2.769108
120 38 7 2.83452
120 38 90 2.093184
120 38 27 2.769108
120 38 44 2.965344
120 38 28 2.899932
120 38 12 3.372352
120 38 40 4.25178
120 38 49 4.186368
120 38 51 4.586108
120 38 9 2.093184
120 38 54 4.317192
120 38 38 3.74302
120 38 55 2.936272
120 38 14 2.769108
120 38 11 3.844772
120 38 48 4.113688
120 38 29 3.74302
120 38 88 3.103436
120 38 41 3.510444
120 38 13 4.317192
120 38 57 3.575856
120 38 42 3.2706
120 38 60 2.565604
120 38 82 2.696428
120 38 80 2.122256
120 38 83 2.122256
120 38 84 2.122256
120 38 53 2.899932
120 38 26 3.408692
120 38 43 3.241528
120 38 52 5.327444
120 38 91 2.093184
120 38 89 4.084616
120 37 89 3.982864
120 37 52 5.567288
120 37 43 3.139776
120 37 26 3.2706
120 37 53 2.769108
120 37 84 1.250096
120 37 83 1.250096
120 37 80 1.250096
120 37 82 2.463852
120 37 60 2.79818
120 37 42 3.139776
120 37 57 3.437764
120 37 44 2.83452
120 37 88 3.001684
120 37 29 3.612196
120 37 41 3.372352
120 37 48 3.982864
120 37 91 2.093184
120 37 11 3.713948
120 37 14 2.594676
120 37 38 1.991432
120 37 54 4.186368
120 37 9 2.224008
120 37 51 4.455284
120 37 49 4.084616
120 37 40 4.113688
120 37 12 3.241528
120 37 28 2.769108
120 37 27 2.594676
120 37 90 2.463852
120 37 7 2.696428
120 37 39 2.594676
120 37 85 1.250096
120 37 81 1.250096
120 37 35 2.936272
120 37 86 3.641268
120 37 13 4.186368
120 37 55 2.79818
120 37 69 3.103436
120 37 87 3.474104
120 37 56 2.87086
120 37 95 1.250096
120 37 37 3.74302
120 37 36 1.250096
120 49 37 4.084616
120 49 95 3.982864
120 49 13 1.250096
120 49 88 3.139776
120 49 86 2.492924
120 49 38 4.186368
120 49 35 2.463852
120 49 89 2.83452
120 49 83 3.881112
120 49 44 2.965344
120 49 27 2.769108
120 49 52 7.48604
120 49 28 2.899932
120 49 7 2.83452
120 49 69 3.241528
120 49 9 4.28812
120 49 91 4.186368
120 49 12 3.372352
120 49 40 4.150028
120 49 90 4.455284
120 49 48 4.011936
120 49 87 1.250096
120 49 14 2.769108
120 49 39 2.769108
120 49 36 4.113688
120 49 29 3.641268
120 49 11 3.74302
120 49 43 2.296688
120 49 41 3.408692
120 49 56 3.001684
120 49 42 3.168848
120 49 51 4.484356
120 49 60 4.68786
120 49 53 2.83452
120 49 82 2.83452
120 49 49 3.74302
120 49 80 3.881112
120 49 84 3.881112
120 49 85 3.946524
120 49 81 3.881112
120 49 57 2.32576
120 49 26 1.250096
120 49 54 3.038024
120 49 55 2.594676
120 86 35 1.955092
120 86 49 2.492924
120 86 89 1.250096
120 86 26 1.250096
120 86 9 3.881112
120 86 53 2.39844
120 86 57 1.250096
120 86 81 3.474104
120 86 84 3.474104
120 86 80 3.474104
120 86 91 3.74302
120 86 43 1.649836
120 86 82 2.427512
120 86 42 2.732768
120 86 60 4.25178
120 86 44 2.565604
120 86 39 2.3621
120 86 29 3.241528
120 86 41 3.001684
120 86 11 3.30694
120 86 40 3.713948
120 86 14 2.3621
120 86 87 1.722516
120 86 54 1.250096
120 86 90 4.048276
120 86 48 3.575856
120 86 12 2.936272
120 86 69 2.83452
120 86 28 2.492924
120 86 52 7.04996
120 86 7 2.39844
120 86 27 2.3621
120 86 51 4.048276
120 86 88 2.696428
120 86 83 3.474104
120 86 55 2.158596
120 86 38 3.77936
120 86 86 3.74302
120 86 13 2.594676
120 86 56 2.594676
120 86 95 3.539516
120 86 85 3.510444
120 86 37 3.641268
120 86 36 3.713948
120 89 36 4.011936
120 89 37 3.982864
120 89 85 3.844772
120 89 95 3.881112
120 89 56 2.899932
120 89 13 2.936272
120 89 86 1.250096
120 89 38 4.084616
120 89 55 2.492924
120 89 88 3.038024
120 89 83 3.77936
120 89 35 2.3621
120 89 51 4.382604
120 89 27 2.667356
120 89 7 2.732768
120 89 52 7.391556
120 89 28 2.79818
120 89 69 3.139776
120 89 12 3.2706
120 89 48 3.910184
120 89 90 4.353532
120 89 54 1.250096
120 89 9 4.186368
120 89 87 2.158596
120 89 14 2.667356
120 89 40 4.048276
120 89 11 3.641268
120 89 41 3.30694
120 89 29 3.539516
120 89 39 2.667356
120 89 44 2.87086
120 89 60 4.586108
120 89 42 3.067096
120 89 82 2.732768
120 89 43 2.122256
120 89 91 4.084616
120 89 80 3.77936
120 89 84 3.77936
120 89 81 3.77936
120 89 57 1.250096
120 89 53 2.732768
120 89 26 1.250096
120 89 89 3.74302
120 89 49 2.83452
120 90 48 4.382604
120 90 54 4.586108
120 90 26 3.677608
120 90 57 3.844772
120 90 82 2.965344
120 90 85 2.696428
120 90 81 2.79818
120 90 84 2.79818
120 90 80 2.79818
120 90 49 4.455284
120 90 51 4.855024
120 90 60 2.093184
120 90 42 3.539516
120 90 56 3.2706
120 90 41 3.77936
120 90 29 4.011936
120 90 11 4.113688
120 90 36 2.39844
120 90 35 3.34328
120 90 43 3.510444
120 90 39 3.038024
120 90 87 3.844772
120 90 90 3.74302
120 90 40 4.520696
120 90 12 3.641268
120 90 91 2.093184
120 90 9 2.093184
120 90 69 3.474104
120 90 7 3.103436
120 90 28 3.168848
120 90 55 3.205188
120 90 52 4.993116
120 90 14 3.038024
120 90 27 3.038024
120 90 53 3.168848
120 90 83 2.79818
120 90 44 3.205188
120 90 89 4.353532
120 90 38 2.093184
120 90 88 3.372352
120 90 86 4.048276
120 90 13 4.586108
120 90 95 2.631016
120 90 37 2.463852
120 87 37 3.474104
120 87 36 3.510444
120 87 44 2.3621
120 87 13 1.250096
120 87 56 2.39844
120 87 86 1.722516
120 87 38 3.575856
120 87 88 2.492924
120 87 55 1.85334
120 87 83 3.2706
120 87 95 3.372352
120 87 85 3.34328
120 87 7 2.224008
120 87 27 2.158596
120 87 28 2.296688
120 87 69 2.631016
120 87 40 3.539516
120 87 12 2.769108
120 87 51 3.881112
120 87 48 3.408692
120 87 9 3.677608
120 87 54 2.427512
120 87 90 3.844772
120 87 87 3.74302
120 87 14 2.158596
120 87 11 3.139776
120 87 29 3.038024
120 87 41 2.79818
120 87 39 2.158596
120 87 60 4.084616
120 87 91 3.575856
120 87 82 2.224008
120 87 42 2.565604
120 87 80 3.2706
120 87 84 3.2706
120 87 43 1.250096
120 87 81 3.2706
120 87 53 2.224008
120 87 57 1.250096
120 87 26 1.250096
120 87 35 1.649836
120 87 49 1.250096
120 87 89 2.158596
120 87 52 6.846456
120 88 54 3.241528
120 88 57 2.529264
120 88 26 2.32576
120 88 81 2.79818
120 88 80 2.79818
120 88 84 2.79818
120 88 53 1.38092
120 88 82 1.584424
120 88 49 3.139776
120 88 39 1.482672
120 88 42 1.92602
120 88 56 1.250096
120 88 60 3.612196
120 88 13 3.241528
120 88 41 2.224008
120 88 29 2.427512
120 88 11 2.529264
120 88 43 2.158596
120 88 91 3.103436
120 88 14 1.482672
120 88 87 2.492924
120 88 90 3.372352
120 88 48 2.79818
120 88 40 2.936272
120 88 12 1.250096
120 88 9 3.205188
120 88 69 1.250096
120 88 28 1.250096
120 88 7 1.351848
120 88 52 6.374036
120 88 44 1.250096
120 88 27 1.482672
120 88 83 2.79818
120 88 35 1.991432
120 88 89 3.038024
120 88 55 1.787928
120 88 51 3.2706
120 88 38 3.103436
120 88 86 2.696428
120 88 88 3.74302
120 88 36 3.038024
120 88 37 3.001684
120 88 95 2.899932
120 88 85 2.87086
120 91 36 2.093184
120 91 37 2.093184
120 91 38 2.093184
120 91 56 2.965344
120 91 44 2.936272
120 91 86 3.74302
120 91 88 3.103436
120 91 55 2.899932
120 91 83 2.3621
120 91 35 3.038024
120 91 95 2.194936
120 91 85 2.260348
120 91 7 2.79818
120 91 27 2.732768
120 91 28 2.87086
120 91 12 3.34328
120 91 69 3.205188
120 91 40 4.21544
120 91 49 4.186368
120 91 51 4.557036
120 91 48 4.084616
120 91 9 2.093184
120 91 90 2.093184
120 91 54 4.28812
120 91 87 3.575856
120 91 14 2.732768
120 91 11 3.8157
120 91 41 3.474104
120 91 29 3.713948
120 91 13 4.28812
120 91 39 2.732768
120 91 60 2.427512
120 91 91 3.74302
120 91 82 2.667356
120 91 42 3.241528
120 91 80 2.3621
120 91 84 2.3621
120 91 81 2.3621
120 91 43 3.241528
120 91 26 3.372352
120 91 57 3.575856
120 91 53 2.899932
120 91 52 5.19662
120 91 89 4.084616
120 12 54 3.474104
120 12 55 2.093184
120 12 57 2.769108
120 12 26 2.565604
120 12 85 3.103436
120 12 81 3.038024
120 12 84 3.038024
120 12 80 3.038024
120 12 82 1.991432
120 12 53 1.787928
120 12 49 3.372352
120 12 56 1.250096
120 12 42 2.194936
120 12 39 1.88968
120 12 60 3.844772
120 12 41 2.463852
120 12 29 2.667356
120 12 43 2.427512
120 12 11 2.79818
120 12 14 1.88968
120 12 87 2.769108
120 12 90 3.641268
120 12 40 3.168848
120 12 48 3.038024
120 12 91 3.34328
120 12 12 3.74302
120 12 9 3.474104
120 12 69 1.250096
120 12 7 1.751588
120 12 28 1.250096
120 12 52 6.642952
120 12 44 1.250096
120 12 27 1.88968
120 12 83 3.038024
120 12 35 2.224008
120 12 89 3.2706
120 12 51 3.510444
120 12 13 3.474104
120 12 38 3.372352
120 12 88 1.250096
120 12 86 2.936272
120 12 36 3.2706
120 12 95 3.139776
120 12 37 3.241528
120 11 95 3.612196
120 11 36 3.74302
120 11 37 3.713948
120 11 39 2.39844
120 11 38 3.844772
120 11 44 2.39844
120 11 56 2.427512
120 11 86 3.30694
120 11 88 2.529264
120 11 55 2.463852
120 11 83 3.539516
120 11 35 2.594676
120 11 85 3.575856
120 11 7 2.3621
120 11 27 2.39844
120 11 28 2.3621
120 11 12 2.79818
120 11 69 2.631016
120 11 49 3.74302
120 11 40 1.250096
120 11 48 1.250096
120 11 51 1.250096
120 11 90 4.113688
120 11 9 3.946524
120 11 54 3.844772
120 11 87 3.139776
120 11 14 2.39844
120 11 11 3.74302
120 11 29 1.250096
120 11 41 1.250096
120 11 13 3.844772
120 11 60 4.317192
120 11 91 3.8157
120 11 82 2.463852
120 11 42 1.250096
120 11 80 3.539516
120 11 84 3.539516
120 11 81 3.539516
120 11 43 2.79818
120 11 26 2.936272
120 11 53 2.260348
120 11 57 3.139776
120 11 89 3.641268
120 11 52 7.115372
120 14 89 2.667356
120 14 54 2.899932
120 14 53 1.250096
120 14 57 2.158596
120 14 26 1.85334
120 14 81 2.224008
120 14 84 2.224008
120 14 80 2.224008
120 14 82 1.250096
120 14 43 1.620764
120 14 49 2.769108
120 14 13 2.87086
120 14 60 3.241528
120 14 39 1.250096
120 14 42 1.584424
120 14 56 1.279168
120 14 44 1.250096
120 14 41 1.991432
120 14 11 2.39844
120 14 29 2.296688
120 14 91 2.732768
120 14 86 2.3621
120 14 36 2.667356
120 14 14 3.74302
120 14 87 2.158596
120 14 90 3.038024
120 14 48 2.631016
120 14 40 2.769108
120 14 12 1.88968
120 14 9 2.87086
120 14 69 1.649836
120 14 28 1.250096
120 14 7 1.250096
120 14 52 6.039708
120 14 27 1.250096
120 14 83 2.224008
120 14 35 1.250096
120 14 55 1.250096
120 14 51 3.103436
120 14 88 1.482672
120 14 38 2.769108
120 14 85 2.3621
120 14 95 2.427512
120 14 37 2.594676
120 13 37 4.186368
120 13 36 4.21544
120 13 38 4.317192
120 13 86 2.594676
120 13 56 3.103436
120 13 44 3.067096
120 13 13 3.74302
120 13 88 3.241528
120 13 55 2.696428
120 13 83 4.011936
120 13 85 4.048276
120 13 95 4.084616
120 13 7 2.936272
120 13 28 3.038024
120 13 27 2.87086
120 13 69 3.34328
120 13 12 3.474104
120 13 40 4.25178
120 13 48 4.113688
120 13 51 4.586108
120 13 90 4.586108
120 13 54 3.139776
120 13 9 4.418944
120 13 87 1.250096
120 13 14 2.87086
120 13 11 3.844772
120 13 41 3.510444
120 13 29 3.74302
120 13 39 2.87086
120 13 91 4.28812
120 13 60 4.789612
120 13 82 2.936272
120 13 42 3.2706
120 13 80 4.011936
120 13 81 4.011936
120 13 43 2.39844
120 13 84 4.011936
120 13 26 1.250096
120 13 57 2.427512
120 13 53 2.936272
120 13 49 1.250096
120 13 35 2.565604
120 13 89 2.936272
120 13 52 7.587792
120 9 60 2.093184
120 9 48 4.21544
120 9 54 4.418944
120 9 82 2.79818
120 9 57 3.677608
120 9 26 3.510444
120 9 81 2.565604
120 9 85 2.427512
120 9 80 2.565604
120 9 84 2.565604
120 9 53 3.001684
120 9 49 4.28812
120 9 42 3.372352
120 9 56 3.103436
120 9 41 3.612196
120 9 29 3.844772
120 9 11 3.946524
120 9 39 2.87086
120 9 43 3.34328
120 9 35 3.168848
120 9 87 3.677608
120 9 90 2.093184
120 9 40 4.353532
120 9 91 2.093184
120 9 12 3.474104
120 9 9 3.74302
120 9 69 3.30694
120 9 28 3.001684
120 9 55 3.038024
120 9 7 2.936272
120 9 14 2.87086
120 9 52 4.993116
120 9 27 2.87086
120 9 83 2.565604
120 9 44 3.067096
120 9 51 4.68786
120 9 89 4.186368
120 9 13 4.418944
120 9 86 3.881112
120 9 88 3.205188
120 9 38 2.093184
120 9 36 2.093184
120 9 37 2.224008
120 9 95 2.3621
120 48 95 3.881112
120 48 36 4.011936
120 48 37 3.982864
120 48 38 4.113688
120 48 44 2.631016
120 48 56 2.696428
120 48 86 3.575856
120 48 88 2.79818
120 48 55 2.732768
120 48 83 3.8157
120 48 35 2.87086
120 48 85 3.844772
120 48 7 2.631016
120 48 28 2.631016
120 48 27 2.631016
120 48 12 3.038024
120 48 69 2.899932
120 48 49 4.011936
120 48 40 1.250096
120 48 51 1.250096
120 48 48 3.74302
120 48 9 4.21544
120 48 90 4.382604
120 48 54 4.113688
120 48 87 3.408692
120 48 14 2.631016
120 48 11 1.250096
120 48 29 1.250096
120 48 41 1.250096
120 48 39 2.631016
120 48 13 4.113688
120 48 60 4.586108
120 48 91 4.084616
120 48 82 2.732768
120 48 42 1.250096
120 48 80 3.8157
120 48 81 3.8157
120 48 84 3.8157
120 48 43 3.067096
120 48 26 3.205188
120 48 53 2.529264
120 48 57 3.408692
120 48 52 7.391556
120 48 89 3.910184
120 7 89 2.732768
120 7 54 2.936272
120 7 57 2.224008
120 7 53 1.250096
120 7 26 1.991432
120 7 81 2.3621
120 7 84 2.3621
120 7 80 2.3621
120 7 82 1.250096
120 7 49 2.83452
120 7 13 2.936272
120 7 51 3.103436
120 7 60 3.30694
120 7 44 1.250096
120 7 56 1.250096
120 7 42 1.250096
120 7 39 1.250096
120 7 41 1.88968
120 7 29 2.224008
120 7 91 2.79818
120 7 11 2.3621
120 7 43 1.751588
120 7 14 1.250096
120 7 86 2.39844
120 7 36 2.732768
120 7 87 2.224008
120 7 90 3.103436
120 7 40 2.769108
120 7 48 2.631016
120 7 9 2.936272
120 7 12 1.751588
120 7 69 1.519012
120 7 28 1.250096
120 7 7 3.74302
120 7 52 6.10512
120 7 27 1.250096
120 7 83 2.3621
120 7 35 1.4536
120 7 55 1.250096
120 7 88 1.351848
120 7 38 2.83452
120 7 95 2.565604
120 7 85 2.492924
120 7 37 2.696428
120 54 37 4.186368
120 54 85 4.048276
120 54 36 4.25178
120 54 38 4.317192
120 54 86 1.250096
120 54 56 3.103436
120 54 13 3.139776
120 54 88 3.241528
120 54 55 2.732768
120 54 83 4.011936
120 54 27 2.899932
120 54 95 4.084616
120 54 52 7.587792
120 54 7 2.936272
120 54 28 3.038024
120 54 69 3.372352
120 54 12 3.474104
120 54 40 4.25178
120 54 51 4.586108
120 54 48 4.113688
120 54 90 4.586108
120 54 54 3.74302
120 54 9 4.418944
120 54 87 2.427512
120 54 14 2.899932
120 54 11 3.844772
120 54 29 3.77936
120 54 41 3.539516
120 54 39 2.899932
120 54 60 4.789612
120 54 44 3.103436
120 54 91 4.28812
120 54 82 2.965344
120 54 42 3.2706
120 54 80 4.011936
120 54 84 4.011936
120 54 81 4.011936
120 54 43 2.39844
120 54 26 1.250096
120 54 57 1.250096
120 54 53 2.936272
120 54 35 2.594676
120 54 49 3.038024
120 54 89 1.250096
120 56 54 3.103436
120 56 26 2.194936
120 56 57 2.39844
120 56 81 2.696428
120 56 84 2.696428
120 56 80 2.696428
120 56 82 1.38092
120 56 53 1.250096
120 56 49 3.001684
120 56 13 3.103436
120 56 60 3.474104
120 56 51 3.139776
120 56 39 1.279168
120 56 42 1.722516
120 56 56 3.74302
120 56 41 2.093184
120 56 29 2.32576
120 56 43 2.056844
120 56 91 2.965344
120 56 11 2.427512
120 56 14 1.279168
120 56 87 2.39844
120 56 90 3.2706
120 56 48 2.696428
120 56 40 2.83452
120 56 12 1.250096
120 56 9 3.103436
120 56 69 1.250096
120 56 28 1.250096
120 56 7 1.250096
120 56 52 6.272284
120 56 27 1.279168
120 56 44 1.250096
120 56 83 2.696428
120 56 35 1.787928
120 56 55 1.584424
120 56 89 2.899932
120 56 86 2.594676
120 56 88 1.250096
120 56 38 3.001684
120 56 36 2.899932
120 56 85 2.732768
120 56 95 2.769108
120 56 37 2.87086
120 55 85 2.631016
120 55 37 2.79818
120 55 38 2.936272
120 55 88 1.787928
120 55 55 3.74302
120 55 51 3.205188
120 55 35 1.250096
120 55 95 2.696428
120 55 83 2.529264
120 55 52 6.206872
120 55 7 1.250096
120 55 27 1.250096
120 55 28 1.38092
120 55 69 1.955092
120 55 12 2.093184
120 55 9 3.038024
120 55 48 2.732768
120 55 90 3.205188
120 55 87 1.85334
120 55 14 1.250096
120 55 40 2.87086
120 55 36 2.87086
120 55 86 2.158596
120 55 11 2.463852
120 55 41 2.158596
120 55 29 2.39844
120 55 56 1.584424
120 55 44 1.482672
120 55 39 1.250096
120 55 42 1.787928
120 55 13 2.696428
120 55 60 3.408692
120 55 49 2.594676
120 55 91 2.899932
120 55 43 1.250096
120 55 82 1.250096
120 55 80 2.529264
120 55 84 2.529264
120 55 81 2.529264
120 55 26 1.584424
120 55 57 1.85334
120 55 53 1.279168
120 55 89 2.492924
120 55 54 2.732768
120 52 48 7.391556
120 52 54 7.587792
120 52 82 5.974296
120 52 26 6.679292
120 52 57 6.882796
120 52 85 5.799864
120 52 81 5.836204
120 52 84 5.836204
120 52 80 5.836204
120 52 53 6.170532
120 52 49 7.48604
120 52 60 2.87086
120 52 42 6.548468
120 52 56 6.272284
120 52 41 6.781044
120 52 29 7.020888
120 52 11 7.115372
120 52 35 6.344964
120 52 43 6.512128
120 52 39 6.039708
120 52 87 6.846456
120 52 14 6.039708
120 52 90 4.993116
120 52 40 7.52238
120 52 12 6.642952
120 52 36 5.465536
120 52 91 5.19662
120 52 69 6.512128
120 52 55 6.206872
120 52 9 4.993116
120 52 7 6.10512
120 52 52 3.74302
120 52 44 6.243212
120 52 27 6.039708
120 52 83 5.836204
120 52 51 7.863976
120 52 28 6.170532
120 52 89 7.391556
120 52 13 7.587792
120 52 86 7.04996
120 52 88 6.374036
120 52 38 5.327444
120 52 95 5.734452
120 52 37 5.567288
120 53 95 2.696428
120 53 37 2.769108
120 53 36 2.83452
120 53 38 2.899932
120 53 13 2.936272
120 53 88 1.38092
120 53 56 1.250096
120 53 55 1.279168
120 53 86 2.39844
120 53 35 1.482672
120 53 81 2.529264
120 53 57 2.224008
120 53 39 1.250096
120 53 83 2.529264
120 53 85 2.631016
120 53 90 3.168848
120 53 7 1.250096
120 53 28 1.250096
120 53 27 1.250096
120 53 69 1.555352
120 53 12 1.787928
120 53 40 2.667356
120 53 49 2.83452
120 53 51 3.001684
120 53 48 2.529264
120 53 9 3.001684
120 53 87 2.224008
120 53 54 2.936272
120 53 14 1.250096
120 53 29 2.093184
120 53 41 1.751588
120 53 44 1.250096
120 53 60 3.372352
120 53 91 2.899932
120 53 42 1.250096
120 53 82 1.250096
120 53 80 2.529264
120 53 84 2.529264
120 53 26 2.027772
120 53 43 1.787928
120 53 53 3.74302
120 53 11 2.260348
120 53 89 2.732768
120 53 52 6.170532
120 51 52 7.863976
120 51 89 4.382604
120 51 35 3.34328
120 51 57 3.844772
120 51 53 3.001684
120 51 26 3.677608
120 51 84 4.25178
120 51 43 3.510444
120 51 81 4.25178
120 51 80 4.25178
120 51 42 2.631016
120 51 82 3.205188
120 51 91 4.557036
120 51 60 5.058528
120 51 13 4.586108
120 51 39 3.103436
120 51 41 2.39844
120 51 29 1.250096
120 51 11 1.250096
120 51 14 3.103436
120 51 87 3.881112
120 51 9 4.68786
120 51 90 4.855024
120 51 54 4.586108
120 51 48 1.250096
120 51 51 3.74302
120 51 49 4.484356
120 51 40 1.250096
120 51 12 3.510444
120 51 69 3.372352
120 51 27 3.103436
120 51 28 3.103436
120 51 7 3.103436
120 51 85 4.317192
120 51 95 4.353532
120 51 83 4.25178
120 51 55 3.205188
120 51 88 3.2706
120 51 56 3.139776
120 51 44 3.103436
120 51 86 4.048276
120 51 38 4.586108
120 51 36 4.484356
120 51 37 4.455284
120 40 37 4.113688
120 40 36 4.150028
120 40 38 4.25178
120 40 44 2.769108
120 40 56 2.83452
120 40 88 2.936272
120 40 55 2.87086
120 40 86 3.713948
120 40 83 3.910184
120 40 35 3.001684
120 40 95 4.011936
120 40 85 3.982864
120 40 7 2.769108
120 40 28 2.769108
120 40 27 2.769108
120 40 69 3.038024
120 40 12 3.168848
120 40 40 3.74302
120 40 49 4.150028
120 40 51 1.250096
120 40 48 1.250096
120 40 54 4.25178
120 40 90 4.520696
120 40 9 4.353532
120 40 87 3.539516
120 40 14 2.769108
120 40 11 1.250096
120 40 29 1.250096
120 40 41 1.991432
120 40 39 2.769108
120 40 13 4.25178
120 40 60 4.7242
120 40 91 4.21544
120 40 82 2.87086
120 40 42 2.296688
120 40 43 3.205188
120 40 80 3.910184
120 40 81 3.910184
120 40 84 3.910184
120 40 26 3.34328
120 40 53 2.667356
120 40 57 3.510444
120 40 89 4.048276
120 40 52 7.52238
120 39 89 2.667356
120 39 54 2.899932
120 39 53 1.250096
120 39 57 2.158596
120 39 26 1.85334
120 39 81 2.224008
120 39 80 2.224008
120 39 84 2.224008
120 39 82 1.250096
120 39 49 2.769108
120 39 43 1.620764
120 39 13 2.87086
120 39 60 3.241528
120 39 39 3.74302
120 39 42 1.584424
120 39 44 1.250096
120 39 56 1.279168
120 39 41 1.991432
120 39 11 2.39844
120 39 29 2.296688
120 39 91 2.732768
120 39 86 2.3621
120 39 36 2.667356
120 39 14 1.250096
120 39 87 2.158596
120 39 90 3.038024
120 39 48 2.631016
120 39 40 2.769108
120 39 12 1.88968
120 39 69 1.649836
120 39 9 2.87086
120 39 28 1.250096
120 39 7 1.250096
120 39 52 6.039708
120 39 95 2.427512
120 39 27 1.250096
120 39 83 2.224008
120 39 51 3.103436
120 39 35 1.250096
120 39 55 1.250096
120 39 88 1.482672
120 39 38 2.769108
120 39 37 2.594676
120 39 85 2.3621
120 43 85 3.001684
120 43 37 3.139776
120 43 38 3.241528
120 43 88 2.158596
120 43 13 2.39844
120 43 55 1.250096
120 43 90 3.510444
120 43 35 1.250096
120 43 51 3.510444
120 43 83 2.936272
120 43 27 1.620764
120 43 95 3.038024
120 43 7 1.751588
120 43 28 1.92602
120 43 69 2.296688
120 43 12 2.427512
120 43 48 3.067096
120 43 9 3.34328
120 43 87 1.250096
120 43 54 2.39844
120 43 36 3.168848
120 43 40 3.205188
120 43 86 1.649836
120 43 14 1.620764
120 43 11 2.79818
120 43 41 2.463852
120 43 29 2.696428
120 43 56 2.056844
120 43 39 1.620764
120 43 42 2.224008
120 43 44 2.027772
120 43 49 2.296688
120 43 91 3.241528
120 43 60 3.74302
120 43 82 1.722516
120 43 43 3.74302
120 43 80 2.936272
120 43 81 2.936272
120 43 84 2.936272
120 43 26 1.250096
120 43 53 1.787928
120 43 57 1.250096
120 43 89 2.122256
120 43 52 6.512128
120 41 52 6.781044
120 41 89 3.30694
120 41 57 2.79818
120 41 11 1.250096
120 41 53 1.751588
120 41 26 2.631016
120 41 43 2.463852
120 41 84 3.205188
120 41 80 3.205188
120 41 42 1.250096
120 41 82 2.122256
120 41 60 3.982864
120 41 91 3.474104
120 41 44 2.027772
120 41 13 3.510444
120 41 29 1.250096
120 41 41 3.74302
120 41 14 1.991432
120 41 54 3.539516
120 41 87 2.79818
120 41 51 2.39844
120 41 48 1.250096
120 41 90 3.77936
120 41 9 3.612196
120 41 49 3.408692
120 41 40 1.991432
120 41 12 2.463852
120 41 69 2.32576
120 41 28 1.92602
120 41 27 1.991432
120 41 7 1.88968
120 41 83 3.205188
120 41 35 2.260348
120 41 81 3.205188
120 41 86 3.001684
120 41 55 2.158596
120 41 88 2.224008
120 41 39 1.991432
120 41 56 2.093184
120 41 38 3.510444
120 41 37 3.372352
120 41 36 3.437764
120 41 85 3.241528
120 41 95 3.2706
120 42 95 3.038024
120 42 36 3.168848
120 42 37 3.139776
120 42 38 3.2706
120 42 56 1.722516
120 42 88 1.92602
120 42 55 1.787928
120 42 86 2.732768
120 42 81 2.965344
120 42 35 2.027772
120 42 83 2.965344
120 42 85 3.001684
120 42 39 1.584424
120 42 7 1.250096
120 42 27 1.584424
120 42 28 1.519012
120 42 69 2.093184
120 42 12 2.194936
120 42 40 2.296688
120 42 49 3.168848
120 42 9 3.372352
120 42 90 3.539516
120 42 48 1.250096
120 42 51 2.631016
120 42 87 2.565604
120 42 54 3.2706
120 42 14 1.584424
120 42 41 1.250096
120 42 29 1.250096
120 42 13 3.2706
120 42 44 1.620764
120 42 91 3.241528
120 42 60 3.74302
120 42 82 1.722516
120 42 42 3.74302
120 42 80 2.965344
120 42 84 2.965344
120 42 43 2.224008
120 42 26 2.3621
120 42 53 1.250096
120 42 11 1.250096
120 42 57 2.529264
120 42 52 6.548468
120 42 89 3.067096
120 44 54 3.103436
120 44 53 1.250096
120 44 57 2.3621
120 44 26 2.194936
120 44 81 2.631016
120 44 86 2.565604
120 44 84 2.631016
120 44 80 2.631016
120 44 82 1.315508
120 44 49 2.965344
120 44 13 3.067096
120 44 60 3.437764
120 44 51 3.103436
120 44 42 1.620764
120 44 39 1.250096
120 44 56 1.250096
120 44 41 2.027772
120 44 29 2.296688
120 44 91 2.936272
120 44 43 2.027772
120 44 11 2.39844
120 44 36 2.87086
120 44 87 2.3621
120 44 14 1.250096
120 44 40 2.769108
120 44 48 2.631016
120 44 90 3.205188
120 44 12 1.250096
120 44 69 1.250096
120 44 9 3.067096
120 44 28 1.250096
120 44 7 1.250096
120 44 52 6.243212
120 44 27 1.250096
120 44 83 2.631016
120 44 35 1.686176
120 44 55 1.482672
120 44 89 2.87086
120 44 44 3.74302
120 44 38 2.965344
120 44 88 1.250096
120 44 37 2.83452
120 44 95 2.732768
120 44 85 2.696428
120 29 85 3.474104
120 29 95 3.510444
120 29 37 3.612196
120 29 36 3.677608
120 29 39 2.296688
120 29 38 3.74302
120 29 56 2.32576
120 29 88 2.427512
120 29 55 2.39844
120 29 86 3.241528
120 29 83 3.437764
120 29 35 2.492924
120 29 81 3.437764
120 29 7 2.224008
120 29 27 2.296688
120 29 28 2.224008
120 29 69 2.565604
120 29 12 2.667356
120 29 40 1.250096
120 29 49 3.641268
120 29 9 3.844772
120 29 90 4.011936
120 29 48 1.250096
120 29 51 1.250096
120 29 87 3.038024
120 29 54 3.77936
120 29 14 2.296688
120 29 41 1.250096
120 29 29 3.74302
120 29 13 3.74302
120 29 44 2.296688
120 29 60 4.21544
120 29 91 3.713948
120 29 11 1.250096
120 29 82 2.3621
120 29 42 1.250096
120 29 80 3.437764
120 29 84 3.437764
120 29 43 2.696428
120 29 26 2.83452
120 29 57 3.038024
120 29 53 2.093184
120 29 52 7.020888
120 29 89 3.539516
120 28 89 2.79818
120 28 54 3.038024
120 28 53 1.250096
120 28 57 2.296688
120 28 26 2.122256
120 28 81 2.529264
120 28 84 2.529264
120 28 80 2.529264
120 28 82 1.250096
120 28 49 2.899932
120 28 13 3.038024
120 28 51 3.103436
120 28 60 3.372352
120 28 56 1.250096
120 28 39 1.250096
120 28 42 1.519012
120 28 41 1.92602
120 28 11 2.3621
120 28 43 1.92602
120 28 91 2.87086
120 28 29 2.224008
120 28 36 2.83452
120 28 86 2.492924
120 28 87 2.296688
120 28 14 1.250096
120 28 40 2.769108
120 28 48 2.631016
120 28 90 3.168848
120 28 12 1.250096
120 28 69 1.250096
120 28 9 3.001684
120 28 28 3.74302
120 28 7 1.250096
120 28 52 6.170532
120 28 83 2.529264
120 28 27 1.250096
120 28 35 1.584424
120 28 55 1.38092
120 28 44 1.250096
120 28 38 2.899932
120 28 88 1.250096
120 28 95 2.667356
120 28 85 2.631016
120 28 37 2.769108
120 27 37 2.594676
120 27 85 2.3621
120 27 38 2.769108
120 27 88 1.482672
120 27 55 1.250096
120 27 35 1.250096
120 27 51 3.103436
120 27 27 3.74302
120 27 95 2.427512
120 27 83 2.224008
120 27 52 6.039708
120 27 7 1.250096
120 27 28 1.250096
120 27 9 2.87086
120 27 69 1.649836
120 27 12 1.88968
120 27 90 3.038024
120 27 48 2.631016
120 27 14 1.250096
120 27 87 2.158596
120 27 86 2.3621
120 27 36 2.667356
120 27 40 2.769108
120 27 29 2.296688
120 27 11 2.39844
120 27 91 2.732768
120 27 41 1.991432
120 27 42 1.584424
120 27 39 1.250096
120 27 56 1.279168
120 27 44 1.250096
120 27 60 3.241528
120 27 13 2.87086
120 27 43 1.620764
120 27 49 2.769108
120 27 82 1.250096
120 27 80 2.224008
120 27 84 2.224008
120 27 81 2.224008
120 27 26 1.85334
120 27 57 2.158596
120 27 53 1.250096
120 27 54 2.899932
120 27 89 2.667356
120 26 89 1.250096
120 26 52 6.679292
120 26 35 1.250096
120 26 49 1.250096
120 26 53 2.027772
120 26 57 1.250096
120 26 26 3.74302
120 26 81 3.103436
120 26 84 3.103436
120 26 80 3.103436
120 26 82 1.991432
120 26 43 1.250096
120 26 91 3.372352
120 26 60 3.881112
120 26 44 2.194936
120 26 39 1.85334
120 26 42 2.3621
120 26 41 2.631016
120 26 29 2.83452
120 26 11 2.936272
120 26 14 1.85334
120 26 36 3.30694
120 26 40 3.34328
120 26 86 1.250096
120 26 87 1.250096
120 26 54 1.250096
120 26 48 3.205188
120 26 9 3.510444
120 26 90 3.677608
120 26 12 2.565604
120 26 69 2.427512
120 26 28 2.122256
120 26 7 1.991432
120 26 51 3.677608
120 26 83 3.103436
120 26 95 3.168848
120 26 27 1.85334
120 26 55 1.584424
120 26 88 2.32576
120 26 56 2.194936
120 26 13 1.250096
120 26 38 3.408692
120 26 85 3.139776
120 26 37 3.2706
133 19 21 5.901616
133 19 20 3.038024
133 19 21 3.038024
133 19 20 5.901616
133 21 19 5.901616
133 21 19 3.038024
133 21 20 5.225692
133 21 21 2.3621
133 21 20 8.263716
133 21 21 3.038024
133 20 20 2.3621
133 20 19 3.038024
133 20 21 8.263716
133 20 19 5.901616
133 20 21 5.225692
133 20 20 3.038024
130 68 63 8.772476
130 68 67 3.372352
130 68 66 4.7242
130 68 65 6.076048
130 68 64 7.420628
130 68 68 2.027772
130 67 67 2.027772
130 67 66 3.372352
130 67 64 6.076048
130 67 65 4.7242
130 67 63 7.420628
130 67 68 3.372352
130 66 68 4.7242
130 66 63 6.076048
130 66 65 3.372352
130 66 64 4.7242
130 66 67 3.372352
130 66 66 2.027772
130 65 63 4.7242
130 65 67 4.7242
130 65 65 2.027772
130 65 64 3.372352
130 65 66 3.372352
130 65 68 6.076048
130 64 68 7.420628
130 64 66 4.7242
130 64 65 3.372352
130 64 64 2.027772
130 64 63 3.372352
130 64 67 6.076048
130 63 68 8.772476
130 63 67 7.420628
130 63 63 2.027772
130 63 66 6.076048
130 63 64 3.372352
130 63 65 4.7242
82 10 10 1.41726
82 10 8 2.83452
82 8 8 1.41726
82 8 10 2.83452
92 72 71 4.557036
92 72 70 2.529264
92 72 75 2.529264
92 72 73 4.557036
92 72 76 3.205188
92 72 74 4.557036
52 71 70 2.529264
52 71 75 4.557036
52 71 74 2.529264
52 71 73 1.85334
52 71 76 1.85334
52 71 72 4.557036
92 70 71 2.529264
52 70 71 2.347564
92 70 72 2.529264
52 70 72 2.347564
92 70 75 3.881112
52 70 75 3.604928
92 70 74 3.881112
52 70 74 3.604928
92 70 73 3.205188
52 70 73 2.972612
92 70 76 1.85334
52 70 76 1.722516
92 70 70 1.010252
52 70 70 0.937572
92 75 74 4.557036
92 75 73 4.557036
92 75 76 4.557036
92 75 70 3.881112
92 75 72 2.529264
92 75 71 4.557036
52 74 71 2.529264
52 74 72 4.557036
52 74 70 3.881112
52 74 75 4.557036
52 74 73 1.85334
52 74 76 3.205188
52 73 75 4.557036
52 73 74 1.85334
52 73 76 2.529264
52 73 70 3.205188
52 73 71 1.85334
52 73 72 4.557036
92 76 72 3.205188
52 76 72 2.972612
92 76 71 1.85334
52 76 71 1.722516
92 76 70 1.85334
52 76 70 1.722516
92 76 75 4.557036
52 76 75 4.229976
92 76 74 3.205188
52 76 74 2.972612
92 76 73 2.529264
52 76 73 2.347564
101 79 77 6.410376
101 77 78 6.919136
101 77 79 6.410376
101 78 77 6.919136
52 46 47 4.048276
52 46 45 4.048276
52 45 47 1.177416
52 45 46 4.048276
52 47 47 1.177416
52 47 45 1.177416
52 47 46 4.048276
80 61 62 3.372352
24 61 62 3.132508
80 61 62 2.696428
24 61 62 2.50746
80 62 62 1.351848
24 62 62 1.250096
80 62 61 1.351848
24 62 61 1.250096
80 62 62 1.351848
24 62 62 1.250096
80 62 61 1.351848
24 62 61 1.250096
60 50 92 3.713948
60 50 94 3.713948
60 50 50 3.713948
60 50 93 3.713948
60 92 92 1.010252
60 92 94 1.010252
60 92 93 1.010252
60 92 92 1.010252
60 92 94 1.010252
60 92 93 1.010252
60 92 92 3.713948
60 92 94 3.713948
60 92 50 3.713948
60 92 93 2.194936
60 94 92 3.713948
60 94 94 3.713948
60 94 50 3.713948
60 94 93 3.713948
60 94 92 1.010252
60 94 92 1.010252
60 94 94 1.010252
60 94 93 1.010252
60 94 94 1.010252
60 94 93 1.010252
60 93 94 1.010252
60 93 92 1.010252
60 93 94 3.713948
60 93 92 2.194936
60 93 50 3.713948
60 93 93 3.713948
60 93 93 2.027772
60 93 1 2.027772
60 93 94 1.010252
60 93 92 1.010252
60 93 93 1.010252
60 93 93 1.010252
60 1 1 2.027772
60 1 93 2.027772
